37.374 4979 0 1.42 0.04 0.15 0.17 0.37 0.01 0.00 192 1.78
37.614 4966 0 1.42 0.03 0.14 0.16 0.37 0.01 0.00 195 1.76
37.934 4979 0 1.39 0.06 0.14 0.16 0.37 0.02 0.00 192 1.76
38.654 4979 0 1.45 0.05 0.15 0.16 0.36 0.01 0.00 186 1.80
39.375 4988 0 1.43 0.05 0.15 0.16 0.36 0.01 0.00 168 1.79
40.015 4993 0 1.41 0.06 0.14 0.16 0.37 0.01 0.00 193 1.78
40.575 4975 0 1.42 0.03 0.15 0.17 0.37 0.01 0.00 198 1.77
41.135 4997 0 1.50 0.04 0.17 0.15 0.37 0.01 0.00 199 1.85
41.695 4957 0 1.29 0.06 0.17 0.16 0.37 0.01 0.00 186 1.68
42.176 4970 0 1.38 0.06 0.16 0.17 0.37 0.01 0.00 195 1.77
42.496 4966 0 1.40 0.07 0.16 0.17 0.37 0.01 0.00 201 1.80
42.816 4979 0 1.39 0.08 0.17 0.16 0.37 0.01 0.00 189 1.80
43.056 4970 0 1.48 0.04 0.16 0.17 0.37 0.01 0.00 195 1.85
43.296 4984 0 1.46 0.05 0.17 0.17 0.37 0.01 0.00 202 1.84
43.616 4962 0 1.44 0.04 0.16 0.17 0.37 0.01 0.00 201 1.81
43.856 4970 0 1.42 0.07 0.16 0.16 0.38 0.01 0.00 204 1.81
44.176 4948 0 1.39 0.21 0.16 0.17 0.38 0.01 0.00 200 1.92
44.496 4979 0 1.30 0.10 0.15 0.17 0.37 0.01 0.00 189 1.72
44.737 4975 0 1.37 0.05 0.17 0.18 0.37 0.01 0.00 192 1.77
45.057 4957 0 1.39 0.04 0.16 0.16 0.37 0.01 0.00 186 1.75
45.297 4966 0 1.43 0.06 0.16 0.17 0.38 0.01 0.00 195 1.82
45.537 4993 0 1.43 0.08 0.15 0.17 0.38 0.01 0.00 205 1.83
45.857 4957 0 1.53 0.09 0.15 0.16 0.38 0.01 0.00 195 1.92
-------------------------- Notes --------------------------------
sys_time, nr1, nr2, Fr1_f, Fr2_f, Fd1_f, Fd2_f, Mr1_f, Mr2_f, data_disconf

Ground effect

