35.694 4703 0 1.01 0.04 0.15 0.20 0.32 0.01 0.00 153
36.255 4711 0 0.99 0.01 0.18 0.21 0.31 0.00 0.00 156
36.815 4804 0 1.16 0.02 0.18 0.22 0.31 0.00 0.00 156
97.479 5038 0 1.30 0.03 0.20 0.21 0.37 0.00 0.00 198
98.840 5069 0 1.31 0.05 0.20 0.22 0.37 0.01 0.00 193
99.320 5074 0 1.32 0.02 0.18 0.22 0.37 0.00 0.00 193
99.641 5051 0 1.33 0.04 0.19 0.22 0.37 0.00 0.00 198
99.961 5038 0 1.30 0.02 0.20 0.22 0.37 0.00 0.00 198
100.201 5074 0 1.32 0.01 0.20 0.22 0.37 0.01 0.00 199
100.441 5056 0 1.28 0.00 0.20 0.21 0.37 0.00 0.00 199
100.681 5051 0 1.31 0.00 0.20 0.22 0.37 0.01 0.00 192
100.921 5079 0 1.31 0.01 0.20 0.22 0.37 0.00 0.00 193
101.162 5069 0 1.28 0.00 0.19 0.22 0.37 0.00 0.00 199
101.402 5074 0 1.30 0.01 0.18 0.21 0.37 0.00 0.00 205
101.642 5065 0 1.30 0.01 0.19 0.24 0.37 0.00 0.00 202
-------------------------- Notes --------------------------------
sys_time, nr1, nr2, Fr1_f, Fr2_f, Fd1_f, Fd2_f, Mr1_f, Mr2_f, data_disconf



