53.701 4997 0 1.21 0.02 0.19 0.21 0.35 0.00 0.00 181 1.64
53.941 4984 0 1.20 0.04 0.19 0.21 0.35 0.00 0.00 183 1.64
54.181 4975 0 1.19 0.04 0.19 0.27 0.35 0.00 0.00 180 1.68
54.421 4988 0 1.16 0.04 0.20 0.24 0.35 0.00 0.00 187 1.64
54.661 5006 0 1.17 0.04 0.19 0.22 0.35 0.00 0.00 187 1.62
54.901 4997 0 1.19 0.03 0.20 0.21 0.34 0.00 0.00 181 1.62
55.061 4993 0 1.19 0.02 0.19 0.20 0.34 0.01 0.00 175 1.61
55.301 4962 0 1.19 0.02 0.19 0.21 0.34 0.01 0.00 180 1.62
55.541 5006 0 1.20 0.03 0.19 0.21 0.34 0.00 0.00 172 1.64
55.782 4966 0 1.20 0.03 0.19 0.21 0.34 0.01 0.00 183 1.64
56.022 4997 0 1.21 0.02 0.20 0.21 0.35 0.01 0.00 184 1.63
56.263 4993 0 1.23 0.02 0.19 0.20 0.35 0.00 0.00 178 1.64
56.503 4993 0 1.03 0.06 0.20 0.21 0.35 0.00 0.00 187 1.51
57.223 4988 0 1.15 0.03 0.20 0.21 0.35 0.01 0.00 184 1.59
57.783 4993 0 1.22 0.04 0.20 0.22 0.34 0.00 0.00 175 1.68
58.504 4979 0 1.19 0.06 0.19 0.21 0.33 0.00 0.00 156 1.66
-------------------------- Notes --------------------------------
sys_time, nr1, nr2, Fr1_f, Fr2_f, Fd1_f, Fd2_f, Mr1_f, Mr2_f, data_disconf

OG

