0.000 0 0 0.00 0.00 0.00 0.00 0.00 0.00 0
0.080 0 0 0.00 0.01 0.00 0.00 0.00 0.00 0
0.160 0 0 0.00 0.02 0.00 0.00 0.00 0.00 0
0.240 0 0 0.00 0.02 0.00 0.00 0.00 0.00 0
0.320 0 0 0.01 0.03 0.00 0.00 0.00 0.00 0
0.400 0 0 0.02 0.03 0.00 0.01 0.00 0.00 0
0.480 0 0 0.03 0.03 0.00 0.01 0.00 0.00 0
0.560 0 0 0.03 0.04 0.01 0.01 0.00 0.00 0
0.640 0 0 0.03 0.04 0.01 0.01 0.00 0.00 0
0.720 0 0 0.03 0.04 0.00 0.01 0.00 0.00 0
0.800 0 0 0.02 0.04 0.01 0.00 0.00 0.00 0
0.880 0 0 0.03 0.05 0.00 0.00 0.00 0.00 0
0.960 0 0 0.02 0.05 0.00 0.00 0.00 0.00 0
1.040 0 0 0.02 0.05 0.00 0.00 0.00 0.00 0
1.120 0 0 0.03 0.04 0.00 0.00 0.00 0.00 0
1.200 0 0 0.03 0.04 0.00 0.00 0.00 0.00 0
1.280 0 0 0.03 0.03 0.01 0.01 0.00 0.00 0
1.360 0 0 0.03 0.03 0.01 0.01 0.00 0.00 0
1.441 0 0 0.03 0.03 0.01 0.01 0.00 0.00 0
1.521 0 0 0.03 0.03 0.00 0.00 0.00 0.00 0
1.601 0 0 0.04 0.03 0.01 0.01 0.00 0.00 0
1.681 0 0 0.04 0.04 0.01 0.00 0.00 0.00 0
1.761 0 0 0.04 0.04 0.01 0.00 0.00 0.00 0
1.841 0 0 0.03 0.04 0.01 0.00 0.00 0.00 0
1.921 0 0 0.02 0.04 0.01 0.00 0.00 0.00 0
2.001 0 0 0.02 0.04 0.01 0.01 0.00 0.00 0
2.081 0 0 0.03 0.04 0.01 0.00 0.00 0.00 0
2.161 0 0 0.03 0.04 0.01 0.00 0.00 0.00 0
2.241 0 0 0.03 0.05 0.00 0.00 0.00 0.00 0
2.321 0 0 0.03 0.05 0.00 0.00 0.00 0.00 0
2.401 0 0 0.04 0.04 0.01 0.00 0.00 0.00 0
2.481 0 0 0.04 0.04 0.00 0.00 0.00 0.01 0
2.561 0 0 0.04 0.04 0.00 0.00 0.00 0.01 0
2.641 0 0 0.04 0.04 0.01 0.01 0.00 0.00 0
2.721 0 0 0.04 0.05 0.01 0.00 0.00 0.00 0
2.801 0 0 0.04 0.05 0.01 0.01 0.00 0.00 0
2.881 0 0 0.04 0.05 0.01 0.01 0.00 0.00 0
2.961 0 0 0.04 0.05 0.01 0.01 0.00 0.00 0
3.041 0 0 0.04 0.04 0.01 0.01 0.00 0.00 0
3.121 0 0 0.04 0.04 0.01 0.01 0.00 0.00 0
3.201 0 0 0.03 0.04 0.00 0.01 0.00 0.00 0
3.281 0 0 0.03 0.05 0.00 0.01 0.00 0.00 0
3.361 0 0 0.03 0.05 0.00 0.01 0.00 0.00 0
3.441 0 0 0.03 0.06 0.01 0.00 0.00 0.00 0
3.521 0 0 0.04 0.05 0.00 0.00 0.00 0.01 0
3.601 0 0 0.04 0.05 0.00 0.01 0.00 0.00 0
3.681 0 0 0.04 0.05 0.00 0.01 0.00 0.00 0
3.761 0 0 0.04 0.05 0.00 0.01 0.00 0.00 0
3.841 0 0 0.04 0.06 0.00 0.01 0.00 0.00 0
3.921 0 0 0.04 0.05 0.00 0.01 0.00 0.00 0
4.001 0 0 0.04 0.05 0.00 0.01 0.00 0.01 0
4.081 0 0 0.04 0.05 0.00 0.01 0.00 0.01 0
4.161 0 0 0.04 0.05 0.00 0.01 0.00 0.01 0
4.242 0 0 0.04 0.04 0.00 0.01 0.00 0.00 0
4.322 0 0 0.04 0.04 0.01 0.00 0.00 0.00 0
4.402 0 0 0.04 0.04 0.00 0.00 0.00 0.00 0
4.482 0 0 0.04 0.04 0.00 0.00 0.00 0.00 0
4.562 0 0 0.04 0.05 0.00 0.01 0.00 0.00 0
4.642 0 0 0.04 0.06 0.01 0.01 0.00 0.00 0
4.722 0 0 0.04 0.07 0.00 0.01 0.00 0.01 0
4.802 0 0 0.04 0.07 0.00 0.01 0.00 0.00 0
4.882 0 0 0.04 0.07 0.00 0.01 0.00 0.00 0
4.962 0 0 0.05 0.07 0.00 0.01 0.00 0.00 0
5.042 0 0 0.05 0.06 0.00 0.01 0.00 0.00 0
5.122 0 0 0.04 0.05 0.00 0.01 0.00 0.01 0
5.202 0 0 0.04 0.05 0.00 0.01 0.00 0.01 0
5.282 0 0 0.04 0.05 0.00 0.01 0.00 0.01 0
5.362 0 0 0.04 0.05 0.01 0.01 0.00 0.01 0
5.442 0 0 0.05 0.06 0.00 0.01 0.00 0.01 0
5.522 0 0 0.05 0.06 0.01 0.01 0.00 0.00 0
5.602 0 0 0.06 0.07 0.01 0.01 0.00 0.00 0
5.682 0 0 0.06 0.07 0.01 0.01 0.00 0.00 0
5.762 0 0 0.05 0.07 0.00 0.01 0.00 0.00 0
5.842 0 0 0.05 0.07 0.01 0.01 0.00 0.00 0
5.922 0 0 0.05 0.07 0.01 0.01 0.00 0.00 0
6.002 0 0 0.05 0.07 0.01 0.01 0.00 0.00 0
6.082 0 0 0.05 0.07 0.01 0.01 0.00 0.00 0
6.162 0 0 0.04 0.08 0.01 0.01 0.00 0.00 0
6.242 0 0 0.04 0.08 0.01 0.01 0.00 0.01 0
6.322 0 0 0.04 0.06 0.01 0.01 0.00 0.01 0
6.402 0 0 0.04 0.06 0.01 0.01 0.00 0.01 0
6.482 0 0 0.04 0.06 0.01 0.01 0.00 0.01 0
6.562 0 0 0.04 0.05 0.01 0.01 0.00 0.01 0
6.642 0 0 0.04 0.05 0.01 0.01 0.00 0.01 0
6.722 0 0 0.04 0.04 0.01 0.01 0.00 0.01 0
6.802 0 0 0.04 0.04 0.01 0.01 0.00 0.01 0
6.882 0 0 0.04 0.04 0.01 0.01 0.00 0.00 0
6.962 0 0 0.04 0.04 0.01 0.01 0.00 0.00 0
7.043 0 0 0.04 0.05 0.01 0.01 0.00 0.00 0
7.123 0 0 0.05 0.05 0.00 0.01 0.00 0.01 0
7.203 0 0 0.05 0.05 0.00 0.01 0.00 0.01 0
7.283 0 0 0.05 0.06 0.01 0.01 0.00 0.01 0
7.363 0 0 0.04 0.06 0.01 0.01 0.00 0.01 0
7.443 0 0 0.04 0.07 0.01 0.01 0.00 0.00 0
7.523 0 0 0.07 0.06 0.01 0.01 0.02 0.00 0
7.603 0 0 0.07 0.06 0.01 0.01 0.02 0.00 0
7.683 85 0 0.06 0.05 0.01 0.01 0.03 0.00 1
7.763 1537 0 0.05 0.05 0.01 0.01 0.02 0.01 1
7.843 2291 0 0.05 0.06 0.01 0.01 0.02 0.01 0
7.923 2320 0 0.04 0.06 0.01 0.01 0.01 0.00 1
8.003 2320 0 0.04 0.06 0.01 0.01 0.01 0.00 1
8.083 2426 0 0.06 0.07 0.01 0.01 0.02 0.00 6
8.163 2778 0 0.06 0.06 0.01 0.01 0.02 0.00 5
8.243 3209 0 0.07 0.07 0.01 0.01 0.02 0.00 6
8.323 3209 0 0.07 0.07 0.01 0.01 0.02 0.00 6
8.403 3209 0 0.07 0.07 0.01 0.01 0.02 0.00 6
8.483 3941 0 0.06 0.07 0.01 0.01 0.02 0.00 5
8.563 4369 0 0.04 0.07 0.01 0.01 0.02 0.01 8
8.643 4743 0 0.04 0.07 0.01 0.01 0.02 0.01 12
8.723 4743 0 0.04 0.07 0.01 0.01 0.02 0.01 12
8.803 5079 0 0.04 0.08 0.00 0.01 0.02 0.01 9
8.883 5487 0 0.04 0.06 0.01 0.01 0.02 0.01 17
8.963 5941 0 0.04 0.06 0.01 0.01 0.02 0.00 11
9.043 6246 0 0.04 0.05 0.01 0.01 0.02 0.00 15
9.123 6246 0 0.04 0.05 0.01 0.01 0.02 0.00 15
9.203 6944 0 0.04 0.06 0.01 0.01 0.03 0.00 26
9.283 7950 0 0.05 0.07 0.01 0.01 0.02 0.00 0
9.363 7973 0 0.05 0.07 0.01 0.01 0.01 0.00 5
9.443 7973 0 0.04 0.07 0.01 0.01 0.01 0.01 0
9.524 7973 0 0.04 0.07 0.01 0.01 0.01 0.01 0
9.604 7984 0 0.04 0.06 0.01 0.01 0.01 0.01 0
9.684 7995 0 0.04 0.05 0.01 0.01 0.01 0.01 5
9.764 7995 0 0.05 0.05 0.01 0.01 0.00 0.00 0
9.844 7995 0 0.05 0.06 0.01 0.01 0.00 0.00 0
9.924 7995 0 0.05 0.06 0.01 0.01 0.00 0.00 0
10.004 7995 0 0.05 0.06 0.01 0.01 0.00 0.00 5
10.084 8007 0 0.04 0.07 0.01 0.01 0.00 0.01 0
10.164 7984 0 0.04 0.07 0.01 0.02 0.01 0.01 10
10.244 7984 0 0.04 0.07 0.01 0.02 0.01 0.01 10
10.324 7984 0 0.04 0.07 0.01 0.02 0.01 0.01 10
10.404 7995 0 0.04 0.06 0.01 0.01 0.00 0.01 0
10.484 7995 0 0.04 0.07 0.01 0.01 0.00 0.01 5
10.564 7973 0 0.04 0.07 0.01 0.01 0.00 0.01 5
10.644 7973 0 0.04 0.07 0.01 0.01 0.00 0.01 5
10.724 7984 0 0.04 0.07 0.01 0.01 0.00 0.01 0
10.804 8018 0 0.04 0.07 0.01 0.01 0.00 0.01 5
10.884 7984 0 0.04 0.08 0.01 0.01 0.00 0.00 5
10.964 7995 0 0.04 0.06 0.00 0.01 0.00 0.00 0
11.044 7995 0 0.04 0.06 0.00 0.01 0.00 0.00 0
11.124 7984 0 0.04 0.06 0.01 0.01 0.00 0.00 5
11.204 8007 0 0.04 0.05 0.01 0.01 0.00 0.01 0
11.284 7984 0 0.04 0.06 0.01 0.01 0.00 0.01 0
11.364 7984 0 0.04 0.07 0.01 0.01 0.00 0.00 5
11.444 7984 0 0.04 0.07 0.01 0.01 0.00 0.00 5
11.524 7995 0 0.04 0.06 0.01 0.01 0.00 0.00 5
11.604 7984 0 0.08 0.06 0.01 0.01 0.00 0.00 0
11.684 7984 0 0.06 0.06 0.01 0.01 0.00 0.01 5
11.764 8007 0 0.06 0.05 0.01 0.01 0.00 0.01 5
11.844 8007 0 0.06 0.05 0.01 0.01 0.00 0.01 5
11.924 7984 0 0.05 0.05 0.01 0.01 0.00 0.01 5
12.004 7984 0 0.05 0.06 0.01 0.01 0.00 0.01 0
12.084 7984 0 0.04 0.06 0.01 0.00 0.00 0.01 0
12.164 7984 0 0.04 0.07 0.00 0.01 0.00 0.01 5
12.244 7984 0 0.04 0.07 0.00 0.01 0.00 0.01 5
12.324 7984 0 0.04 0.07 0.01 0.01 0.00 0.01 0
12.405 7984 0 0.04 0.06 0.01 0.01 0.00 0.01 5
12.485 7995 0 0.04 0.05 0.01 0.01 0.00 0.01 5
12.565 7995 0 0.04 0.05 0.01 0.01 0.00 0.01 5
12.645 7995 0 0.05 0.06 0.01 0.01 0.00 0.00 0
12.725 7995 0 0.05 0.07 0.01 0.01 0.00 0.00 0
12.805 7995 0 0.05 0.07 0.01 0.01 0.00 0.00 0
12.885 8007 0 0.04 0.07 0.01 0.01 0.00 0.01 0
12.965 8007 0 0.04 0.07 0.01 0.01 0.00 0.01 0
13.045 7984 0 0.04 0.06 0.01 0.01 0.00 0.01 5
13.125 8007 0 0.04 0.05 0.01 0.01 0.00 0.01 5
13.205 7995 0 0.04 0.06 0.01 0.01 0.00 0.00 5
13.285 7995 0 0.04 0.07 0.01 0.01 0.00 0.00 5
13.365 7995 0 0.04 0.07 0.01 0.01 0.00 0.00 5
13.445 7995 0 0.04 0.07 0.01 0.01 0.00 0.00 0
13.525 7995 0 0.04 0.07 0.01 0.01 0.00 0.01 5
13.605 7961 0 0.04 0.07 0.01 0.01 0.00 0.01 0
13.685 7973 0 0.04 0.06 0.01 0.01 0.00 0.01 0
13.765 7973 0 0.04 0.06 0.01 0.01 0.00 0.01 0
13.845 7973 0 0.04 0.06 0.01 0.01 0.00 0.01 5
13.925 7984 0 0.04 0.05 0.01 0.01 0.00 0.01 5
14.005 7984 0 0.04 0.06 0.02 0.02 0.01 0.01 10
14.085 7984 0 0.03 0.05 0.01 0.01 0.01 0.01 5
14.165 7984 0 0.03 0.05 0.01 0.01 0.01 0.01 5
14.245 7995 0 0.03 0.06 0.01 0.01 0.01 0.01 5
14.325 7995 0 0.03 0.07 0.01 0.01 0.01 0.01 5
14.405 7984 0 0.04 0.07 0.01 0.01 0.01 0.01 5
14.485 7984 0 0.04 0.07 0.01 0.01 0.01 0.01 5
14.565 7984 0 0.04 0.07 0.01 0.01 0.00 0.01 0
14.645 7984 0 0.04 0.06 0.01 0.01 0.00 0.01 0
14.725 7984 0 0.05 0.05 0.01 0.01 0.00 0.01 5
14.805 7961 0 0.05 0.06 0.01 0.01 0.00 0.01 0
14.885 7961 0 0.05 0.06 0.01 0.01 0.00 0.01 0
14.965 7984 0 0.04 0.05 0.01 0.01 0.00 0.01 5
15.045 7984 0 0.04 0.06 0.01 0.01 0.00 0.01 5
15.125 7961 0 0.04 0.07 0.01 0.01 0.00 0.01 5
15.205 7995 0 0.03 0.08 0.01 0.01 0.01 0.01 5
15.286 7995 0 0.03 0.08 0.01 0.01 0.01 0.01 5
15.366 7984 0 0.03 0.07 0.01 0.01 0.00 0.01 0
15.446 7961 0 0.03 0.07 0.01 0.01 0.00 0.01 5
15.526 7984 0 0.04 0.07 0.01 0.01 0.00 0.01 5
15.606 7995 0 0.04 0.08 0.01 0.01 0.01 0.01 5
15.686 7995 0 0.04 0.08 0.01 0.01 0.01 0.01 5
15.766 7984 0 0.04 0.08 0.01 0.01 0.01 0.01 5
15.846 7984 0 0.04 0.08 0.01 0.01 0.01 0.01 5
15.926 7995 0 0.04 0.08 0.01 0.01 0.01 0.01 5
16.006 7984 0 0.04 0.07 0.01 0.01 0.00 0.01 0
16.086 7984 0 0.04 0.07 0.01 0.01 0.00 0.01 0
16.166 7995 0 0.04 0.07 0.01 0.01 0.00 0.01 5
16.246 7984 0 0.04 0.06 0.01 0.01 0.00 0.01 5
16.326 7973 0 0.04 0.07 0.01 0.01 0.01 0.01 5
16.406 7973 0 0.04 0.07 0.01 0.01 0.01 0.01 5
16.486 7984 0 0.04 0.07 0.01 0.01 0.01 0.01 5
16.566 7984 0 0.04 0.07 0.01 0.01 0.00 0.01 0
16.646 7984 0 0.03 0.07 0.01 0.01 0.00 0.01 5
16.726 7984 0 0.03 0.08 0.01 0.01 0.00 0.01 0
16.806 7984 0 0.03 0.08 0.01 0.01 0.00 0.01 0
16.886 7984 0 0.05 0.08 0.01 0.01 0.00 0.01 5
16.966 8007 0 0.04 0.08 0.01 0.01 0.00 0.01 5
17.046 7973 0 0.04 0.06 0.01 0.01 0.00 0.01 5
17.126 7984 0 0.04 0.07 0.01 0.01 0.01 0.01 5
17.206 7984 0 0.04 0.07 0.01 0.01 0.01 0.01 5
17.286 7984 0 0.04 0.07 0.01 0.02 0.01 0.01 5
17.366 7984 0 0.05 0.07 0.01 0.02 0.00 0.01 0
17.446 7984 0 0.05 0.08 0.01 0.01 0.00 0.01 5
17.526 7995 0 0.06 0.06 0.01 0.01 0.00 0.01 5
17.606 7995 0 0.06 0.06 0.01 0.01 0.00 0.01 5
17.686 7995 0 0.06 0.04 0.01 0.01 0.01 0.01 5
17.766 7995 0 0.06 0.05 0.01 0.01 0.01 0.01 5
17.846 7973 0 0.06 0.06 0.01 0.01 0.00 0.01 0
17.927 7984 0 0.06 0.07 0.01 0.01 0.00 0.01 5
18.007 7984 0 0.06 0.07 0.01 0.01 0.00 0.01 5
18.087 7984 0 0.05 0.07 0.01 0.01 0.00 0.00 0
18.167 7984 0 0.05 0.06 0.01 0.01 0.00 0.00 5
18.247 7961 0 0.06 0.07 0.01 0.01 0.00 0.01 5
18.327 7961 0 0.06 0.07 0.01 0.01 0.00 0.01 5
18.407 7984 0 0.06 0.06 0.01 0.01 0.00 0.01 5
18.487 7984 0 0.07 0.06 0.01 0.01 0.01 0.01 5
18.567 7973 0 0.06 0.07 0.01 0.01 0.00 0.01 0
18.647 7984 0 0.07 0.07 0.01 0.01 0.00 0.01 5
18.727 7984 0 0.07 0.07 0.01 0.01 0.00 0.01 5
18.807 7984 0 0.07 0.07 0.01 0.01 0.00 0.01 0
18.887 7984 0 0.06 0.06 0.01 0.01 0.00 0.01 5
18.967 7984 0 0.05 0.07 0.01 0.01 0.00 0.01 5
19.047 7973 0 0.05 0.07 0.01 0.01 0.00 0.01 5
19.127 7973 0 0.05 0.07 0.01 0.01 0.00 0.01 5
19.207 7984 0 0.05 0.07 0.01 0.01 0.01 0.01 5
19.287 7995 0 0.04 0.07 0.01 0.01 0.01 0.01 5
19.367 7995 0 0.04 0.08 0.01 0.02 0.01 0.01 5
19.447 7984 0 0.04 0.06 0.01 0.02 0.01 0.00 15
19.527 7984 0 0.04 0.06 0.01 0.02 0.01 0.00 15
19.607 7973 0 0.04 0.06 0.01 0.01 0.01 0.00 5
19.687 7984 0 0.05 0.06 0.01 0.01 0.01 0.00 5
19.767 7973 0 0.05 0.07 0.01 0.01 0.01 0.01 5
19.847 8007 0 0.05 0.07 0.01 0.01 0.01 0.01 5
19.927 8007 0 0.05 0.07 0.01 0.01 0.01 0.01 5
20.007 7984 0 0.06 0.07 0.01 0.01 0.01 0.01 5
20.087 7984 0 0.06 0.07 0.01 0.01 0.01 0.01 5
20.167 7995 0 0.07 0.08 0.01 0.01 0.00 0.01 0
20.247 7995 0 0.07 0.08 0.01 0.01 0.00 0.01 0
20.328 7995 0 0.07 0.08 0.01 0.01 0.00 0.01 0
20.408 7984 0 0.07 0.08 0.01 0.01 0.00 0.01 5
20.488 7984 0 0.06 0.08 0.01 0.01 0.00 0.01 0
20.568 7984 0 0.05 0.08 0.01 0.01 0.00 0.01 5
20.648 7984 0 0.05 0.08 0.01 0.01 0.00 0.01 5
20.728 7984 0 0.05 0.08 0.01 0.01 0.00 0.01 5
20.808 7984 0 0.05 0.08 0.01 0.01 0.01 0.01 5
20.888 7973 0 0.04 0.08 0.01 0.01 0.01 0.01 5
20.968 7984 0 0.05 0.07 0.01 0.01 0.00 0.01 0
21.048 7984 0 0.05 0.07 0.01 0.01 0.00 0.01 0
21.128 7973 0 0.05 0.07 0.01 0.01 0.00 0.01 5
21.208 7984 0 0.05 0.07 0.01 0.01 0.00 0.01 0
21.288 7984 0 0.03 0.07 0.01 0.02 0.00 0.01 5
21.368 7984 0 0.03 0.08 0.01 0.01 0.00 0.01 5
21.448 7984 0 0.03 0.08 0.01 0.01 0.00 0.01 5
21.528 8007 0 0.04 0.08 0.01 0.01 0.00 0.01 5
21.608 7973 0 0.05 0.08 0.01 0.01 0.01 0.01 5
21.688 7984 0 0.06 0.08 0.01 0.01 0.01 0.01 5
21.768 7984 0 0.06 0.08 0.01 0.02 0.01 0.01 5
21.848 7984 0 0.06 0.08 0.01 0.02 0.01 0.01 5
21.928 7973 0 0.07 0.08 0.01 0.01 0.01 0.01 5
22.008 7984 0 0.07 0.08 0.01 0.01 0.01 0.01 5
22.088 7984 0 0.06 0.08 0.01 0.01 0.01 0.01 5
22.168 7984 0 0.05 0.07 0.01 0.01 0.01 0.01 5
22.248 7984 0 0.05 0.07 0.01 0.01 0.01 0.01 5
22.328 7995 0 0.05 0.07 0.01 0.01 0.00 0.01 0
22.408 7961 0 0.05 0.07 0.01 0.01 0.00 0.01 5
22.488 7961 0 0.04 0.07 0.01 0.01 0.00 0.01 5
22.568 7961 0 0.04 0.07 0.01 0.01 0.00 0.01 5
22.648 7984 0 0.04 0.08 0.01 0.01 0.00 0.01 0
22.728 7995 0 0.04 0.08 0.01 0.01 0.00 0.01 5
22.808 7984 0 0.05 0.08 0.01 0.01 0.00 0.01 5
22.889 7984 0 0.06 0.06 0.01 0.01 0.01 0.01 5
22.969 7984 0 0.06 0.06 0.01 0.01 0.01 0.01 5
23.049 7984 0 0.05 0.07 0.01 0.01 0.01 0.01 5
23.129 7984 0 0.05 0.08 0.01 0.01 0.01 0.01 5
23.209 7984 0 0.05 0.08 0.01 0.01 0.01 0.01 5
23.289 7961 0 0.04 0.08 0.01 0.01 0.01 0.01 5
23.369 7961 0 0.04 0.08 0.01 0.01 0.01 0.01 5
23.449 7984 0 0.05 0.08 0.01 0.01 0.01 0.01 10
23.529 7984 0 0.05 0.08 0.01 0.01 0.01 0.01 5
23.609 7961 0 0.06 0.08 0.01 0.02 0.01 0.01 5
23.689 7984 0 0.05 0.08 0.01 0.01 0.01 0.01 5
23.769 7984 0 0.05 0.08 0.01 0.01 0.01 0.01 5
23.849 7984 0 0.06 0.08 0.01 0.02 0.01 0.01 10
23.929 7973 0 0.05 0.08 0.01 0.02 0.01 0.01 0
24.009 7995 0 0.05 0.08 0.01 0.02 0.01 0.01 5
24.089 7984 0 0.05 0.08 0.01 0.02 0.01 0.01 5
24.169 7984 0 0.05 0.08 0.01 0.02 0.01 0.01 5
24.249 7984 0 0.04 0.08 0.01 0.02 0.00 0.01 0
24.329 7984 0 0.04 0.08 0.01 0.01 0.00 0.01 5
24.409 7961 0 0.04 0.08 0.01 0.01 0.00 0.01 5
24.489 7961 0 0.04 0.08 0.01 0.01 0.00 0.01 5
24.569 7973 0 0.04 0.08 0.01 0.01 0.01 0.01 5
24.649 7950 0 0.05 0.08 0.01 0.01 0.01 0.01 5
24.729 7961 0 0.05 0.07 0.01 0.01 0.00 0.01 0
24.809 7950 0 0.05 0.07 0.01 0.02 0.00 0.01 5
24.889 7950 0 0.05 0.07 0.01 0.02 0.00 0.01 5
24.969 7984 0 0.04 0.07 0.01 0.01 0.00 0.01 5
25.049 7984 0 0.04 0.06 0.01 0.01 0.01 0.01 5
25.129 7984 0 0.04 0.07 0.01 0.01 0.01 0.01 5
25.209 7984 0 0.04 0.07 0.01 0.01 0.01 0.01 5
25.289 7984 0 0.04 0.07 0.01 0.01 0.01 0.01 5
25.369 7984 0 0.05 0.06 0.01 0.01 0.01 0.01 5
25.449 7984 0 0.06 0.07 0.01 0.01 0.01 0.01 5
25.530 7961 0 0.05 0.06 0.01 0.01 0.01 0.01 5
25.610 7984 0 0.05 0.06 0.01 0.02 0.01 0.01 5
25.690 7984 0 0.05 0.06 0.01 0.02 0.01 0.01 5
25.770 7984 0 0.05 0.07 0.01 0.01 0.01 0.01 5
25.850 7995 0 0.06 0.08 0.01 0.01 0.01 0.01 5
25.930 7973 0 0.06 0.08 0.01 0.01 0.01 0.01 5
26.010 7973 0 0.06 0.08 0.01 0.01 0.01 0.01 5
26.090 7973 0 0.06 0.08 0.01 0.01 0.01 0.01 5
26.170 7984 0 0.05 0.08 0.01 0.01 0.01 0.01 5
26.250 7984 0 0.05 0.07 0.01 0.01 0.01 0.01 5
26.330 7984 0 0.04 0.06 0.01 0.01 0.00 0.01 0
26.410 7984 0 0.04 0.06 0.01 0.01 0.00 0.01 0
26.490 7984 0 0.04 0.06 0.01 0.01 0.00 0.01 5
26.570 7984 0 0.04 0.07 0.01 0.01 0.00 0.01 5
26.650 7995 0 0.05 0.07 0.01 0.01 0.01 0.01 5
26.730 7984 0 0.06 0.07 0.01 0.02 0.01 0.01 5
26.810 7984 0 0.06 0.07 0.01 0.02 0.01 0.01 5
26.890 7973 0 0.07 0.08 0.01 0.02 0.01 0.01 5
26.970 7995 0 0.07 0.08 0.01 0.01 0.01 0.01 5
27.050 7973 0 0.07 0.08 0.01 0.02 0.01 0.01 5
27.130 7984 0 0.06 0.08 0.01 0.02 0.01 0.01 5
27.210 7984 0 0.06 0.08 0.01 0.02 0.01 0.01 5
27.290 7973 0 0.07 0.08 0.01 0.02 0.00 0.01 0
27.370 7973 0 0.06 0.08 0.01 0.02 0.00 0.01 5
27.450 7961 0 0.05 0.08 0.01 0.02 0.00 0.01 5
27.530 7984 0 0.06 0.08 0.01 0.01 0.01 0.01 5
27.610 7984 0 0.06 0.08 0.01 0.01 0.01 0.01 5
27.690 7984 0 0.07 0.07 0.01 0.01 0.01 0.01 5
27.770 7961 0 0.06 0.07 0.01 0.01 0.01 0.01 5
27.850 7984 0 0.06 0.07 0.01 0.01 0.01 0.01 5
27.930 7984 0 0.06 0.07 0.01 0.01 0.01 0.01 5
28.010 7984 0 0.06 0.07 0.01 0.01 0.01 0.01 5
28.090 7984 0 0.05 0.08 0.01 0.01 0.01 0.01 5
28.170 7984 0 0.05 0.08 0.01 0.01 0.01 0.01 5
28.250 7973 0 0.04 0.08 0.01 0.01 0.01 0.01 5
28.331 7973 0 0.04 0.08 0.01 0.01 0.01 0.01 5
28.411 7973 0 0.04 0.08 0.01 0.01 0.01 0.01 5
28.491 7973 0 0.06 0.08 0.01 0.01 0.00 0.01 0
28.571 7984 0 0.05 0.08 0.01 0.01 0.00 0.01 5
28.651 7961 0 0.05 0.08 0.01 0.01 0.00 0.01 5
28.731 7961 0 0.05 0.08 0.01 0.01 0.00 0.01 5
28.811 7984 0 0.04 0.08 0.01 0.02 0.01 0.01 5
28.891 7973 0 0.06 0.08 0.01 0.01 0.01 0.01 5
28.971 7973 0 0.05 0.07 0.01 0.01 0.01 0.01 24
29.051 7973 0 0.05 0.06 0.01 0.01 0.01 0.01 5
29.131 7973 0 0.05 0.06 0.01 0.01 0.01 0.01 5
29.211 7973 0 0.06 0.06 0.01 0.01 0.01 0.01 5
29.291 7961 0 0.06 0.07 0.01 0.01 0.01 0.01 5
29.371 7984 0 0.06 0.07 0.01 0.02 0.01 0.01 5
29.451 7984 0 0.05 0.07 0.01 0.02 0.01 0.01 5
29.531 7984 0 0.05 0.07 0.01 0.02 0.01 0.01 5
29.611 7973 0 0.05 0.08 0.01 0.02 0.01 0.01 5
29.691 7961 0 0.04 0.08 0.01 0.02 0.01 0.01 5
29.771 7973 0 0.04 0.08 0.01 0.01 0.01 0.01 5
29.851 7973 0 0.04 0.08 0.01 0.02 0.01 0.01 5
29.931 7973 0 0.04 0.08 0.01 0.02 0.01 0.01 5
30.011 7984 0 0.04 0.08 0.01 0.02 0.01 0.01 5
30.091 7984 0 0.04 0.08 0.01 0.02 0.01 0.01 5
30.171 7973 0 0.05 0.08 0.01 0.02 0.01 0.01 5
30.251 7973 0 0.05 0.08 0.01 0.02 0.01 0.01 5
30.331 7973 0 0.05 0.08 0.01 0.02 0.01 0.01 5
30.411 7973 0 0.05 0.07 0.01 0.02 0.01 0.01 5
30.491 7973 0 0.05 0.06 0.01 0.02 0.01 0.01 5
30.571 7961 0 0.06 0.06 0.01 0.01 0.01 0.01 5
30.651 7961 0 0.06 0.06 0.01 0.01 0.01 0.01 5
30.731 7950 0 0.06 0.07 0.01 0.01 0.01 0.01 5
30.812 7973 0 0.06 0.07 0.01 0.02 0.01 0.01 5
30.892 7995 0 0.05 0.07 0.01 0.01 0.01 0.01 5
30.972 7961 0 0.06 0.08 0.01 0.01 0.01 0.01 5
31.052 7961 0 0.06 0.08 0.01 0.01 0.01 0.01 5
31.132 7950 0 0.07 0.08 0.01 0.01 0.01 0.01 5
31.212 7995 0 0.06 0.08 0.01 0.02 0.01 0.01 15
31.292 7961 0 0.06 0.08 0.01 0.02 0.01 0.01 5
31.372 7973 0 0.07 0.08 0.01 0.02 0.01 0.01 5
31.452 7973 0 0.07 0.08 0.01 0.02 0.01 0.01 5
31.532 7973 0 0.07 0.08 0.02 0.03 0.01 0.01 5
31.612 7973 0 0.07 0.08 0.01 0.02 0.01 0.01 5
31.692 7984 0 0.06 0.08 0.01 0.02 0.01 0.01 5
31.772 7984 0 0.07 0.08 0.01 0.02 0.01 0.01 5
31.852 7984 0 0.07 0.08 0.01 0.02 0.01 0.01 5
31.932 7961 0 0.07 0.08 0.01 0.01 0.01 0.01 5
32.012 7961 0 0.07 0.08 0.01 0.02 0.01 0.01 5
32.092 7973 0 0.07 0.08 0.01 0.01 0.01 0.01 5
32.172 7973 0 0.08 0.08 0.01 0.02 0.01 0.01 5
32.252 7973 0 0.08 0.08 0.01 0.02 0.01 0.01 5
32.332 7973 0 0.06 0.08 0.01 0.01 0.01 0.01 5
32.412 7984 0 0.06 0.09 0.01 0.02 0.01 0.01 5
32.492 7984 0 0.05 0.09 0.01 0.01 0.01 0.01 5
32.572 7984 0 0.05 0.09 0.01 0.01 0.01 0.01 5
32.652 7961 0 0.05 0.07 0.01 0.01 0.01 0.01 5
32.732 7961 0 0.04 0.06 0.01 0.01 0.01 0.01 5
32.812 7984 0 0.04 0.07 0.01 0.02 0.01 0.01 5
32.892 7984 0 0.04 0.07 0.01 0.01 0.01 0.01 5
32.972 7984 0 0.04 0.07 0.01 0.01 0.01 0.01 5
33.052 7961 0 0.04 0.07 0.01 0.02 0.01 0.01 5
33.132 7984 0 0.04 0.07 0.01 0.01 0.01 0.01 5
33.212 7973 0 0.05 0.08 0.01 0.01 0.01 0.01 5
33.293 7973 0 0.06 0.08 0.01 0.01 0.01 0.01 5
33.373 7973 0 0.06 0.08 0.01 0.01 0.01 0.01 5
33.453 7973 0 0.07 0.08 0.01 0.01 0.00 0.01 0
33.533 7984 0 0.07 0.06 0.01 0.02 0.00 0.01 5
33.613 7984 0 0.07 0.07 0.01 0.02 0.00 0.01 5
33.693 7973 0 0.07 0.07 0.01 0.02 0.01 0.01 5
33.773 7973 0 0.07 0.07 0.01 0.02 0.01 0.01 5
33.853 7984 0 0.06 0.07 0.01 0.02 0.01 0.01 10
33.933 7973 0 0.06 0.08 0.01 0.01 0.01 0.01 5
34.013 7995 0 0.05 0.08 0.01 0.01 0.01 0.01 5
34.093 7973 0 0.05 0.08 0.01 0.01 0.01 0.01 5
34.173 7973 0 0.05 0.08 0.01 0.01 0.01 0.01 5
34.253 7984 0 0.04 0.08 0.01 0.01 0.01 0.01 10
34.333 7984 0 0.04 0.08 0.01 0.01 0.01 0.01 5
34.413 7984 0 0.04 0.08 0.01 0.01 0.01 0.01 5
34.493 7984 0 0.04 0.08 0.01 0.01 0.01 0.01 5
34.573 7973 0 0.04 0.08 0.01 0.01 0.01 0.01 5
34.653 7973 0 0.04 0.09 0.01 0.01 0.01 0.01 5
34.733 7973 0 0.04 0.07 0.01 0.01 0.01 0.01 5
34.813 7973 0 0.04 0.08 0.01 0.01 0.01 0.01 5
34.893 7973 0 0.04 0.08 0.01 0.01 0.01 0.01 5
34.973 7984 0 0.04 0.08 0.01 0.01 0.01 0.01 5
35.053 7984 0 0.05 0.08 0.01 0.01 0.01 0.01 5
35.133 7984 0 0.05 0.08 0.01 0.01 0.01 0.01 5
35.213 7995 0 0.06 0.08 0.01 0.01 0.01 0.01 5
35.293 7995 0 0.06 0.08 0.01 0.01 0.01 0.01 5
35.373 7961 0 0.06 0.09 0.01 0.01 0.01 0.01 5
35.453 7973 0 0.07 0.09 0.01 0.02 0.01 0.01 5
35.533 7984 0 0.06 0.08 0.01 0.02 0.01 0.01 5
35.613 7961 0 0.07 0.08 0.01 0.01 0.01 0.01 5
35.694 7961 0 0.07 0.08 0.01 0.01 0.01 0.01 5
35.774 7973 0 0.06 0.08 0.01 0.01 0.01 0.01 5
35.854 7973 0 0.05 0.08 0.01 0.01 0.01 0.01 5
35.934 7973 0 0.05 0.08 0.01 0.01 0.00 0.01 0
36.014 7973 0 0.04 0.08 0.01 0.02 0.00 0.01 5
36.094 7973 0 0.04 0.08 0.01 0.02 0.00 0.01 5
36.174 7995 0 0.04 0.08 0.01 0.02 0.00 0.01 5
36.254 7973 0 0.04 0.08 0.01 0.02 0.01 0.01 5
36.334 7973 0 0.04 0.08 0.01 0.02 0.01 0.01 10
36.414 7973 0 0.04 0.08 0.01 0.02 0.01 0.01 10
36.494 7973 0 0.04 0.08 0.01 0.02 0.01 0.01 10
36.574 7984 0 0.04 0.08 0.01 0.02 0.01 0.01 10
36.654 7950 0 0.05 0.08 0.01 0.02 0.01 0.01 5
36.734 7973 0 0.06 0.08 0.01 0.02 0.01 0.01 5
36.814 7973 0 0.06 0.08 0.01 0.02 0.01 0.01 5
36.894 7973 0 0.07 0.08 0.02 0.02 0.01 0.01 5
36.974 7973 0 0.06 0.08 0.01 0.01 0.01 0.01 5
37.054 7984 0 0.06 0.08 0.01 0.01 0.00 0.01 0
37.134 7973 0 0.07 0.08 0.01 0.01 0.00 0.01 5
37.214 7973 0 0.07 0.08 0.01 0.01 0.00 0.01 5
37.294 7961 0 0.07 0.07 0.01 0.01 0.01 0.01 5
37.374 7984 0 0.06 0.07 0.01 0.01 0.01 0.01 5
37.454 7984 0 0.07 0.07 0.01 0.01 0.01 0.01 10
37.534 7973 0 0.07 0.07 0.01 0.01 0.01 0.01 5
37.614 7973 0 0.07 0.07 0.01 0.01 0.01 0.01 5
37.694 7973 0 0.07 0.08 0.01 0.01 0.01 0.01 5
37.774 7995 0 0.06 0.08 0.01 0.02 0.01 0.01 10
37.854 7973 0 0.05 0.08 0.01 0.02 0.01 0.01 5
37.934 7973 0 0.06 0.08 0.01 0.01 0.01 0.01 5
38.014 7973 0 0.06 0.08 0.01 0.01 0.01 0.01 5
38.094 7973 0 0.05 0.07 0.01 0.02 0.01 0.01 10
38.174 7973 0 0.06 0.07 0.01 0.02 0.01 0.01 5
38.254 7961 0 0.05 0.07 0.01 0.02 0.01 0.01 5
38.334 7961 0 0.05 0.07 0.01 0.02 0.01 0.01 5
38.414 7961 0 0.05 0.07 0.01 0.02 0.01 0.01 5
38.494 7973 0 0.06 0.07 0.01 0.02 0.01 0.01 5
38.574 7973 0 0.05 0.08 0.01 0.01 0.01 0.01 5
38.655 7973 0 0.05 0.08 0.01 0.02 0.01 0.01 5
38.735 7973 0 0.05 0.08 0.01 0.02 0.01 0.01 5
38.815 7961 0 0.06 0.08 0.01 0.02 0.01 0.01 5
38.895 7961 0 0.07 0.08 0.01 0.02 0.01 0.01 5
38.975 7984 0 0.07 0.09 0.01 0.02 0.00 0.01 0
39.055 7973 0 0.07 0.09 0.01 0.01 0.00 0.01 5
39.135 7973 0 0.07 0.09 0.01 0.01 0.00 0.01 5
39.215 7973 0 0.06 0.08 0.01 0.01 0.01 0.01 5
39.295 7984 0 0.05 0.08 0.01 0.01 0.01 0.01 5
39.375 7973 0 0.05 0.08 0.01 0.02 0.01 0.01 5
39.455 7984 0 0.05 0.08 0.01 0.02 0.01 0.01 5
39.535 7984 0 0.05 0.08 0.01 0.02 0.01 0.01 5
39.615 7984 0 0.06 0.08 0.01 0.01 0.01 0.01 5
39.695 7973 0 0.06 0.08 0.01 0.01 0.01 0.01 5
39.775 7961 0 0.07 0.08 0.02 0.02 0.01 0.01 5
39.855 7950 0 0.07 0.08 0.01 0.02 0.01 0.01 10
39.935 7950 0 0.07 0.08 0.01 0.02 0.01 0.01 10
40.015 7984 0 0.07 0.08 0.01 0.02 0.01 0.01 5
40.095 7984 0 0.07 0.08 0.01 0.02 0.01 0.01 5
40.175 7961 0 0.08 0.08 0.01 0.02 0.01 0.01 10
40.255 7961 0 0.08 0.08 0.01 0.02 0.01 0.01 10
40.335 7961 0 0.08 0.08 0.01 0.02 0.01 0.01 10
40.415 7287 0 0.08 0.10 0.01 0.02 0.01 0.01 0
40.495 7067 0 0.08 0.10 0.01 0.01 0.00 0.01 0
40.575 6944 0 0.08 0.10 0.01 0.01 0.00 0.01 0
40.655 6944 0 0.08 0.10 0.01 0.01 0.00 0.01 0
40.735 6876 0 0.08 0.07 0.01 0.01 0.00 0.01 0
40.815 6809 0 0.08 0.07 0.01 0.01 0.00 0.01 0
40.895 6711 0 0.07 0.07 0.01 0.01 0.00 0.01 0
40.975 6647 0 0.06 0.08 0.01 0.02 0.00 0.01 0
41.055 6647 0 0.06 0.08 0.01 0.02 0.00 0.01 0
41.135 6615 0 0.06 0.08 0.01 0.02 0.00 0.01 0
41.215 6554 0 0.07 0.09 0.01 0.04 0.00 0.01 4
41.295 6433 0 0.06 0.09 0.01 0.03 0.00 0.01 0
41.375 6212 0 0.05 0.08 0.01 0.03 0.00 0.01 8
41.455 6212 0 0.05 0.08 0.01 0.03 0.00 0.01 8
41.535 6097 0 0.06 0.08 0.01 0.03 0.00 0.01 0
41.616 5904 0 0.05 0.08 0.01 0.02 0.00 0.01 0
41.696 5746 0 0.05 0.08 0.01 0.02 0.00 0.01 4
41.776 5525 0 0.05 0.08 0.01 0.01 0.00 0.01 3
41.856 5525 0 0.05 0.08 0.01 0.01 0.00 0.01 3
41.936 5211 0 0.04 0.08 0.01 0.01 0.01 0.01 6
42.016 4871 0 0.04 0.08 0.01 0.02 0.01 0.01 6
42.096 4513 0 0.05 0.08 0.01 0.02 0.01 0.01 3
42.176 4513 0 0.05 0.08 0.01 0.02 0.01 0.01 3
42.256 4513 0 0.05 0.08 0.01 0.02 0.01 0.01 3
42.336 3797 0 0.05 0.08 0.01 0.01 0.01 0.01 5
42.416 3386 0 0.05 0.08 0.02 0.02 0.01 0.01 4
42.496 2912 0 0.04 0.08 0.02 0.02 0.01 0.01 4
42.576 2912 0 0.04 0.08 0.02 0.02 0.01 0.01 4
42.656 2543 0 0.04 0.08 0.02 0.01 0.01 0.01 3
42.736 2185 0 0.04 0.08 0.02 0.01 0.01 0.01 1
42.816 1841 0 0.04 0.08 0.01 0.01 0.01 0.01 2
42.896 1500 0 0.04 0.08 0.02 0.01 0.01 0.01 2
42.976 1500 0 0.04 0.08 0.02 0.01 0.01 0.01 2
43.056 1108 0 0.04 0.08 0.02 0.02 0.01 0.01 1
43.136 792 0 0.04 0.08 0.01 0.01 0.01 0.01 1
43.216 463 0 0.04 0.08 0.01 0.02 0.01 0.01 0
43.296 268 0 0.04 0.08 0.01 0.02 0.01 0.01 0
43.376 268 0 0.04 0.08 0.01 0.02 0.01 0.01 0
43.456 0 0 0.05 0.08 0.01 0.01 0.01 0.01 0
43.536 0 0 0.05 0.07 0.01 0.01 0.01 0.01 0
43.616 0 0 0.06 0.07 0.01 0.01 0.01 0.01 0
43.696 0 0 0.06 0.06 0.01 0.01 0.01 0.01 0
43.776 0 0 0.06 0.06 0.01 0.01 0.01 0.01 0
43.856 0 0 0.07 0.07 0.01 0.01 0.01 0.01 0
43.936 0 0 0.07 0.07 0.01 0.01 0.01 0.01 0
44.016 0 0 0.06 0.07 0.01 0.01 0.01 0.01 0
44.097 0 0 0.05 0.07 0.01 0.02 0.01 0.01 0
44.177 0 0 0.05 0.07 0.01 0.02 0.01 0.01 0
44.257 0 0 0.06 0.08 0.01 0.02 0.01 0.01 0
44.337 0 0 0.07 0.08 0.01 0.02 0.01 0.01 0
44.417 0 0 0.07 0.08 0.01 0.02 0.01 0.01 0
44.497 0 0 0.07 0.08 0.01 0.02 0.01 0.01 0
44.577 0 0 0.07 0.08 0.01 0.02 0.01 0.01 0
44.657 0 0 0.07 0.09 0.01 0.02 0.01 0.01 0
44.737 0 0 0.07 0.09 0.01 0.02 0.01 0.01 0
44.817 0 0 0.08 0.07 0.01 0.02 0.01 0.01 0
44.897 0 0 0.08 0.07 0.01 0.02 0.01 0.01 0
44.977 0 0 0.08 0.06 0.01 0.02 0.01 0.01 0
45.057 0 0 0.06 0.07 0.01 0.02 0.01 0.01 0
45.137 0 0 0.06 0.07 0.01 0.01 0.00 0.01 0
45.217 0 0 0.05 0.07 0.01 0.01 0.00 0.01 0
45.297 0 0 0.05 0.07 0.01 0.01 0.00 0.01 0
45.377 0 0 0.06 0.07 0.01 0.01 0.01 0.01 0
45.457 0 0 0.07 0.08 0.01 0.01 0.01 0.01 0
45.537 0 0 0.07 0.08 0.01 0.01 0.01 0.01 0
45.617 0 0 0.06 0.08 0.01 0.01 0.01 0.01 0
45.697 0 0 0.06 0.08 0.01 0.01 0.01 0.01 0
45.777 0 0 0.07 0.08 0.01 0.02 0.01 0.01 0
45.857 0 0 0.06 0.08 0.01 0.02 0.01 0.01 0
45.937 0 0 0.06 0.08 0.01 0.02 0.01 0.01 0
46.017 0 0 0.06 0.08 0.01 0.02 0.01 0.01 0
46.097 0 0 0.06 0.08 0.01 0.02 0.01 0.01 0
46.177 0 0 0.06 0.08 0.01 0.02 0.01 0.01 0
46.257 0 0 0.06 0.08 0.01 0.02 0.01 0.01 0
46.337 0 0 0.06 0.08 0.01 0.02 0.01 0.01 0
46.418 0 0 0.06 0.08 0.02 0.01 0.01 0.01 0
46.498 0 0 0.06 0.08 0.02 0.01 0.01 0.01 0
46.578 0 0 0.06 0.08 0.01 0.01 0.01 0.01 0
46.658 0 0 0.07 0.08 0.01 0.01 0.01 0.01 0
46.738 0 0 0.06 0.08 0.01 0.01 0.01 0.01 0
46.818 0 0 0.06 0.08 0.01 0.01 0.01 0.01 0
46.898 0 0 0.06 0.08 0.01 0.01 0.01 0.01 0
46.978 0 0 0.05 0.08 0.01 0.01 0.01 0.01 0
47.058 0 0 0.06 0.08 0.01 0.02 0.01 0.01 0
47.138 0 0 0.07 0.08 0.01 0.02 0.01 0.01 0
47.218 0 0 0.07 0.08 0.01 0.02 0.01 0.01 0
47.298 0 0 0.07 0.08 0.01 0.02 0.01 0.01 0
47.378 0 0 0.06 0.08 0.01 0.02 0.01 0.01 0
47.458 0 0 0.05 0.08 0.01 0.02 0.01 0.01 0
47.538 0 0 0.06 0.08 0.01 0.02 0.01 0.01 0
47.618 0 0 0.06 0.08 0.01 0.02 0.01 0.01 0
47.698 0 0 0.07 0.08 0.01 0.02 0.01 0.01 0
47.778 0 0 0.07 0.08 0.01 0.02 0.01 0.01 0
47.858 0 0 0.06 0.08 0.01 0.02 0.01 0.01 0
47.938 0 0 0.05 0.08 0.01 0.02 0.01 0.01 0
48.018 0 0 0.05 0.08 0.01 0.02 0.01 0.01 0
48.098 0 0 0.05 0.08 0.01 0.02 0.01 0.01 0
48.178 0 0 0.06 0.08 0.01 0.01 0.01 0.01 0
48.258 0 0 0.06 0.08 0.01 0.02 0.01 0.01 0
48.338 0 0 0.07 0.08 0.01 0.02 0.01 0.01 0
48.418 0 0 0.07 0.08 0.01 0.02 0.01 0.01 0
48.498 0 0 0.06 0.09 0.01 0.01 0.01 0.01 0
48.578 0 0 0.05 0.09 0.01 0.01 0.01 0.01 0
48.658 0 0 0.06 0.08 0.01 0.01 0.01 0.01 0
48.738 0 0 0.07 0.09 0.01 0.01 0.01 0.01 0
48.818 0 0 0.07 0.09 0.01 0.01 0.01 0.01 0
48.898 0 0 0.07 0.10 0.01 0.02 0.01 0.01 0
48.979 0 0 0.07 0.11 0.01 0.02 0.01 0.01 0
49.059 0 0 0.07 0.11 0.01 0.02 0.01 0.01 0
49.139 0 0 0.06 0.10 0.01 0.02 0.01 0.01 0
49.219 0 0 0.06 0.10 0.01 0.02 0.01 0.01 0
49.299 0 0 0.07 0.09 0.01 0.02 0.01 0.01 0
49.379 0 0 0.07 0.09 0.01 0.02 0.01 0.01 0
49.459 0 0 0.07 0.08 0.01 0.02 0.00 0.01 0
49.539 0 0 0.07 0.08 0.01 0.02 0.00 0.01 0
49.619 0 0 0.06 0.08 0.01 0.02 0.00 0.01 0
49.699 0 0 0.05 0.08 0.01 0.02 0.01 0.01 0
49.779 0 0 0.05 0.08 0.01 0.01 0.01 0.01 0
49.859 0 0 0.06 0.08 0.01 0.01 0.01 0.01 0
49.939 0 0 0.06 0.08 0.01 0.01 0.01 0.01 0
50.019 0 0 0.07 0.08 0.01 0.01 0.01 0.01 0
50.099 0 0 0.07 0.08 0.02 0.01 0.01 0.01 0
50.179 0 0 0.06 0.09 0.01 0.02 0.01 0.01 0
50.259 0 0 0.05 0.09 0.02 0.02 0.01 0.01 0
50.339 0 0 0.05 0.09 0.02 0.02 0.01 0.01 0
50.419 0 0 0.06 0.08 0.02 0.02 0.00 0.01 0
50.499 0 0 0.07 0.08 0.01 0.02 0.00 0.01 0
50.579 0 0 0.06 0.08 0.01 0.02 0.00 0.01 0
50.659 0 0 0.06 0.08 0.01 0.02 0.01 0.01 0
50.739 0 0 0.06 0.08 0.01 0.02 0.01 0.01 0
50.819 0 0 0.06 0.08 0.01 0.02 0.01 0.01 0
50.899 0 0 0.06 0.08 0.01 0.02 0.01 0.01 0
50.979 0 0 0.07 0.08 0.01 0.02 0.01 0.01 0
51.059 0 0 0.07 0.08 0.01 0.02 0.01 0.01 0
51.139 0 0 0.07 0.08 0.01 0.02 0.01 0.01 0
51.220 0 0 0.06 0.08 0.02 0.02 0.01 0.01 0
51.300 0 0 0.05 0.08 0.01 0.02 0.01 0.01 0
51.380 0 0 0.05 0.08 0.02 0.02 0.01 0.01 0
51.460 0 0 0.06 0.08 0.02 0.02 0.01 0.01 0
51.540 0 0 0.06 0.08 0.02 0.02 0.01 0.01 0
51.620 0 0 0.06 0.09 0.01 0.02 0.01 0.01 0
51.700 0 0 0.07 0.09 0.01 0.01 0.01 0.01 0
51.780 0 0 0.06 0.08 0.01 0.01 0.01 0.01 0
51.860 0 0 0.06 0.08 0.01 0.01 0.01 0.01 0
51.940 0 0 0.07 0.08 0.01 0.01 0.01 0.01 0
52.020 0 0 0.06 0.08 0.01 0.01 0.01 0.01 0
52.100 0 0 0.06 0.09 0.01 0.02 0.01 0.01 0
52.180 0 0 0.07 0.09 0.01 0.02 0.01 0.01 0
52.260 0 0 0.07 0.09 0.01 0.02 0.01 0.01 0
52.340 0 0 0.07 0.08 0.01 0.02 0.01 0.01 0
52.420 0 0 0.07 0.08 0.01 0.02 0.01 0.01 0
52.500 0 0 0.06 0.08 0.01 0.02 0.01 0.01 0
52.580 0 0 0.06 0.08 0.02 0.02 0.01 0.01 0
52.660 0 0 0.06 0.08 0.02 0.02 0.01 0.01 0
52.740 0 0 0.05 0.08 0.01 0.02 0.01 0.01 0
52.820 0 0 0.06 0.08 0.02 0.02 0.01 0.01 0
52.900 0 0 0.07 0.08 0.01 0.02 0.01 0.01 0
52.980 0 0 0.07 0.08 0.01 0.01 0.01 0.01 0
53.060 0 0 0.07 0.08 0.01 0.01 0.01 0.01 0
53.140 0 0 0.07 0.08 0.01 0.01 0.01 0.01 0
53.220 0 0 0.07 0.09 0.02 0.01 0.01 0.01 0
53.300 0 0 0.06 0.10 0.01 0.01 0.01 0.01 0
53.380 0 0 0.06 0.11 0.02 0.02 0.01 0.01 0
53.460 0 0 0.06 0.11 0.02 0.02 0.01 0.01 0
53.540 0 0 0.06 0.10 0.02 0.02 0.01 0.01 0
53.620 0 0 0.07 0.09 0.01 0.02 0.01 0.01 0
53.700 0 0 0.07 0.09 0.02 0.02 0.01 0.01 0
53.780 0 0 0.07 0.08 0.01 0.02 0.01 0.01 0
53.860 0 0 0.07 0.08 0.01 0.02 0.01 0.01 0
53.940 0 0 0.07 0.08 0.01 0.02 0.01 0.01 0
54.021 0 0 0.08 0.09 0.01 0.02 0.01 0.01 0
54.101 0 0 0.08 0.09 0.01 0.02 0.01 0.01 0
54.181 0 0 0.08 0.09 0.01 0.02 0.01 0.01 0
54.261 0 0 0.08 0.09 0.01 0.02 0.01 0.01 0
54.341 0 0 0.08 0.10 0.01 0.02 0.01 0.01 0
54.421 0 0 0.07 0.09 0.02 0.02 0.01 0.01 0
54.501 0 0 0.07 0.09 0.01 0.01 0.01 0.01 0
54.581 0 0 0.07 0.09 0.01 0.01 0.01 0.01 0
54.661 0 0 0.07 0.08 0.01 0.01 0.01 0.01 0
54.741 0 0 0.07 0.08 0.01 0.01 0.01 0.01 0
54.821 0 0 0.08 0.08 0.01 0.02 0.01 0.01 0
54.901 0 0 0.06 0.08 0.02 0.01 0.01 0.01 0
54.981 0 0 0.06 0.08 0.02 0.01 0.01 0.01 0
55.061 0 0 0.06 0.08 0.02 0.01 0.01 0.01 0
55.141 0 0 0.05 0.08 0.01 0.01 0.01 0.01 0
55.221 0 0 0.06 0.08 0.02 0.01 0.01 0.01 0
55.301 0 0 0.07 0.08 0.01 0.01 0.01 0.01 0
55.381 0 0 0.07 0.08 0.01 0.01 0.01 0.01 0
55.461 0 0 0.07 0.08 0.01 0.02 0.01 0.01 0
55.541 0 0 0.06 0.08 0.01 0.02 0.01 0.01 0
55.621 0 0 0.07 0.08 0.01 0.02 0.01 0.01 0
55.701 0 0 0.07 0.08 0.01 0.02 0.01 0.01 0
55.781 0 0 0.07 0.08 0.01 0.02 0.01 0.01 0
55.861 0 0 0.07 0.08 0.01 0.02 0.01 0.01 0
55.941 0 0 0.06 0.08 0.01 0.02 0.01 0.01 0
56.021 0 0 0.07 0.08 0.01 0.02 0.01 0.01 0
56.101 0 0 0.07 0.08 0.01 0.02 0.01 0.01 0
56.181 0 0 0.07 0.08 0.01 0.02 0.01 0.01 0
56.261 0 0 0.07 0.09 0.01 0.01 0.01 0.01 0
56.341 0 0 0.07 0.09 0.01 0.01 0.01 0.01 0
56.422 0 0 0.08 0.08 0.01 0.01 0.01 0.01 0
56.502 0 0 0.08 0.08 0.01 0.01 0.01 0.01 0
56.582 0 0 0.08 0.08 0.01 0.01 0.01 0.01 0
56.662 0 0 0.06 0.08 0.01 0.01 0.01 0.01 0
56.742 0 0 0.06 0.08 0.01 0.02 0.01 0.01 0
56.822 0 0 0.05 0.08 0.01 0.02 0.01 0.01 0
56.902 0 0 0.05 0.08 0.01 0.02 0.01 0.01 0
56.982 0 0 0.06 0.08 0.01 0.02 0.01 0.01 0
57.062 0 0 0.07 0.08 0.01 0.02 0.01 0.01 0
57.142 0 0 0.07 0.09 0.01 0.02 0.01 0.01 0
57.222 0 0 0.07 0.09 0.01 0.02 0.01 0.01 0
57.302 0 0 0.07 0.09 0.01 0.02 0.01 0.01 0
57.382 0 0 0.07 0.08 0.01 0.02 0.01 0.01 0
57.462 0 0 0.06 0.08 0.01 0.02 0.01 0.01 0
57.542 0 0 0.07 0.08 0.01 0.02 0.01 0.01 0
57.622 0 0 0.06 0.08 0.01 0.02 0.01 0.01 0
57.702 0 0 0.06 0.08 0.01 0.02 0.01 0.01 0
57.782 0 0 0.06 0.08 0.01 0.01 0.01 0.01 0
57.862 0 0 0.07 0.08 0.01 0.01 0.01 0.01 0
57.942 0 0 0.07 0.08 0.01 0.01 0.01 0.01 0
58.022 0 0 0.07 0.09 0.01 0.01 0.01 0.01 0
58.102 0 0 0.07 0.09 0.01 0.01 0.01 0.01 0
58.182 0 0 0.08 0.09 0.01 0.01 0.01 0.01 0
58.262 0 0 0.08 0.08 0.01 0.01 0.01 0.01 0
58.342 0 0 0.06 0.08 0.01 0.01 0.01 0.01 0
58.422 0 0 0.06 0.08 0.01 0.01 0.01 0.01 0
58.502 0 0 0.06 0.08 0.01 0.01 0.01 0.01 0
58.582 0 0 0.06 0.08 0.01 0.01 0.01 0.01 0
58.662 0 0 0.07 0.08 0.01 0.01 0.01 0.01 0
58.742 0 0 0.07 0.08 0.01 0.01 0.01 0.01 0
58.822 0 0 0.07 0.08 0.01 0.01 0.01 0.01 0
58.902 0 0 0.06 0.08 0.01 0.01 0.01 0.01 0
58.982 0 0 0.05 0.09 0.01 0.01 0.01 0.01 0
59.062 0 0 0.05 0.09 0.01 0.02 0.01 0.01 0
59.142 0 0 0.05 0.08 0.01 0.02 0.01 0.01 0
59.222 0 0 0.05 0.08 0.01 0.02 0.01 0.01 0
59.302 0 0 0.06 0.08 0.01 0.02 0.01 0.01 0
59.383 0 0 0.06 0.08 0.01 0.02 0.01 0.01 0
59.463 0 0 0.07 0.08 0.01 0.02 0.01 0.01 0
59.543 0 0 0.07 0.08 0.01 0.02 0.01 0.01 0
59.623 0 0 0.07 0.08 0.01 0.02 0.01 0.01 0
59.703 0 0 0.06 0.08 0.01 0.02 0.01 0.01 0
59.783 0 0 0.05 0.08 0.01 0.02 0.01 0.01 0
59.863 0 0 0.05 0.08 0.01 0.01 0.01 0.01 0
59.943 0 0 0.06 0.08 0.01 0.02 0.01 0.01 0
60.023 0 0 0.06 0.08 0.01 0.02 0.01 0.01 0
60.103 0 0 0.06 0.08 0.01 0.01 0.01 0.01 0
60.183 0 0 0.07 0.08 0.01 0.01 0.01 0.01 0
60.263 0 0 0.07 0.08 0.01 0.01 0.01 0.01 0
60.343 0 0 0.07 0.08 0.01 0.02 0.01 0.01 0
60.423 0 0 0.07 0.08 0.01 0.02 0.01 0.01 0
60.503 0 0 0.06 0.08 0.01 0.02 0.01 0.01 0
60.583 0 0 0.06 0.08 0.01 0.02 0.01 0.01 0
60.663 0 0 0.06 0.08 0.01 0.02 0.01 0.01 0
60.743 0 0 0.07 0.08 0.01 0.02 0.01 0.01 0
60.823 0 0 0.07 0.08 0.01 0.02 0.01 0.01 0
60.903 0 0 0.07 0.08 0.01 0.02 0.01 0.01 0
60.983 0 0 0.07 0.08 0.01 0.02 0.01 0.01 0
61.063 0 0 0.07 0.09 0.01 0.02 0.01 0.01 0
61.143 0 0 0.07 0.09 0.01 0.02 0.01 0.01 0
61.223 0 0 0.06 0.09 0.01 0.02 0.01 0.01 0
61.303 0 0 0.07 0.08 0.01 0.02 0.01 0.01 0
61.383 0 0 0.07 0.08 0.01 0.01 0.01 0.01 0
61.463 0 0 0.07 0.08 0.01 0.01 0.01 0.01 0
61.543 0 0 0.07 0.08 0.01 0.01 0.01 0.01 0
61.623 0 0 0.07 0.08 0.01 0.01 0.01 0.01 0
61.703 0 0 0.06 0.07 0.01 0.01 0.01 0.01 0
61.783 0 0 0.06 0.07 0.01 0.01 0.01 0.01 0
61.863 0 0 0.06 0.07 0.01 0.01 0.01 0.01 0
61.943 0 0 0.06 0.07 0.01 0.01 0.01 0.01 0
62.023 0 0 0.07 0.07 0.01 0.01 0.01 0.01 0
62.103 0 0 0.07 0.08 0.01 0.01 0.01 0.01 0
62.184 0 0 0.07 0.08 0.01 0.01 0.01 0.01 0
62.264 0 0 0.07 0.08 0.01 0.02 0.01 0.01 0
62.344 0 0 0.07 0.08 0.01 0.02 0.01 0.01 0
62.424 0 0 0.08 0.08 0.01 0.02 0.01 0.01 0
62.504 0 0 0.06 0.08 0.01 0.02 0.01 0.01 0
62.584 0 0 0.07 0.08 0.01 0.02 0.01 0.01 0
62.664 0 0 0.07 0.08 0.01 0.02 0.01 0.01 0
62.744 0 0 0.07 0.08 0.01 0.02 0.01 0.01 0
62.824 0 0 0.07 0.08 0.01 0.02 0.01 0.01 0
62.904 0 0 0.08 0.08 0.01 0.02 0.01 0.01 0
62.984 0 0 0.08 0.09 0.01 0.02 0.01 0.01 0
63.064 0 0 0.08 0.09 0.01 0.02 0.01 0.01 0
63.144 0 0 0.08 0.09 0.01 0.02 0.01 0.01 0
63.224 0 0 0.08 0.10 0.02 0.01 0.01 0.01 0
63.304 0 0 0.08 0.09 0.01 0.02 0.01 0.01 0
63.384 0 0 0.07 0.10 0.01 0.01 0.01 0.01 0
63.464 0 0 0.07 0.10 0.01 0.01 0.01 0.01 0
63.544 0 0 0.07 0.10 0.01 0.01 0.01 0.01 0
63.624 0 0 0.06 0.09 0.01 0.02 0.01 0.01 0
63.704 0 0 0.06 0.09 0.01 0.02 0.01 0.01 0
63.784 0 0 0.06 0.08 0.01 0.02 0.01 0.01 0
63.864 0 0 0.06 0.08 0.01 0.02 0.01 0.01 0
63.944 0 0 0.06 0.08 0.01 0.02 0.01 0.01 0
64.024 0 0 0.07 0.08 0.01 0.01 0.01 0.01 0
64.104 0 0 0.07 0.08 0.01 0.01 0.01 0.01 0
64.184 0 0 0.07 0.08 0.01 0.01 0.01 0.01 0
64.264 0 0 0.07 0.08 0.01 0.01 0.01 0.01 0
64.344 0 0 0.07 0.08 0.01 0.01 0.01 0.01 0
64.424 0 0 0.06 0.08 0.01 0.01 0.01 0.01 0
64.504 0 0 0.06 0.08 0.01 0.01 0.01 0.01 0
64.584 0 0 0.05 0.08 0.01 0.01 0.01 0.01 0
64.664 0 0 0.05 0.08 0.01 0.01 0.01 0.01 0
64.744 0 0 0.05 0.08 0.01 0.01 0.01 0.01 0
64.824 0 0 0.06 0.08 0.01 0.02 0.01 0.01 0
64.905 0 0 0.06 0.08 0.01 0.02 0.01 0.01 0
64.985 0 0 0.07 0.08 0.01 0.02 0.01 0.01 0
65.065 0 0 0.07 0.08 0.01 0.02 0.01 0.01 0
65.145 0 0 0.07 0.09 0.01 0.02 0.01 0.01 0
65.225 0 0 0.07 0.09 0.01 0.02 0.01 0.01 0
65.305 0 0 0.06 0.08 0.01 0.02 0.01 0.01 0
65.385 0 0 0.07 0.08 0.01 0.02 0.01 0.01 0
65.465 0 0 0.07 0.08 0.01 0.02 0.01 0.01 0
65.545 0 0 0.07 0.08 0.01 0.02 0.01 0.01 0
65.625 0 0 0.06 0.08 0.01 0.02 0.01 0.01 0
65.705 0 0 0.05 0.08 0.01 0.02 0.01 0.01 0
65.785 0 0 0.05 0.08 0.01 0.02 0.01 0.01 0
65.865 0 0 0.05 0.08 0.01 0.02 0.01 0.01 0
65.945 0 0 0.06 0.08 0.02 0.02 0.01 0.01 0
66.025 0 0 0.07 0.08 0.02 0.02 0.01 0.01 0
66.105 0 0 0.07 0.09 0.01 0.01 0.01 0.01 0
66.185 0 0 0.07 0.09 0.01 0.01 0.01 0.01 0
66.265 0 0 0.07 0.09 0.01 0.01 0.01 0.01 0
66.345 0 0 0.07 0.07 0.01 0.01 0.01 0.01 0
66.425 0 0 0.06 0.07 0.01 0.01 0.01 0.01 0
66.505 0 0 0.06 0.08 0.01 0.01 0.01 0.01 0
66.585 0 0 0.06 0.08 0.01 0.01 0.01 0.01 0
66.665 0 0 0.05 0.08 0.01 0.01 0.01 0.01 0
66.745 0 0 0.06 0.08 0.01 0.01 0.01 0.01 0
66.825 0 0 0.07 0.08 0.01 0.01 0.01 0.01 0
66.905 0 0 0.07 0.08 0.01 0.02 0.01 0.01 0
66.985 0 0 0.07 0.08 0.01 0.02 0.01 0.01 0
67.065 0 0 0.07 0.08 0.01 0.02 0.01 0.01 0
67.145 0 0 0.07 0.08 0.01 0.02 0.01 0.01 0
67.225 0 0 0.06 0.08 0.01 0.02 0.01 0.01 0
67.305 0 0 0.06 0.08 0.01 0.02 0.01 0.01 0
67.385 0 0 0.06 0.08 0.01 0.02 0.01 0.01 0
67.465 0 0 0.05 0.08 0.01 0.02 0.01 0.01 0
67.545 0 0 0.05 0.08 0.01 0.02 0.01 0.01 0
67.625 0 0 0.06 0.09 0.01 0.01 0.01 0.01 0
67.705 0 0 0.06 0.09 0.01 0.01 0.01 0.01 0
67.786 0 0 0.06 0.09 0.01 0.01 0.01 0.01 0
67.866 0 0 0.07 0.08 0.01 0.01 0.01 0.01 0
67.946 0 0 0.07 0.08 0.01 0.01 0.01 0.01 0
68.026 0 0 0.06 0.08 0.01 0.02 0.01 0.01 0
68.106 0 0 0.06 0.08 0.01 0.02 0.01 0.01 0
68.186 0 0 0.06 0.08 0.01 0.02 0.01 0.01 0
68.266 0 0 0.07 0.08 0.01 0.01 0.01 0.01 0
68.346 0 0 0.07 0.08 0.01 0.01 0.01 0.01 0
68.426 0 0 0.07 0.08 0.01 0.01 0.01 0.01 0
68.506 0 0 0.07 0.08 0.01 0.01 0.01 0.01 0
68.586 0 0 0.07 0.08 0.01 0.01 0.01 0.01 0
68.666 0 0 0.08 0.08 0.01 0.02 0.01 0.01 0
68.746 0 0 0.08 0.08 0.01 0.02 0.01 0.01 0
68.826 0 0 0.06 0.08 0.01 0.02 0.01 0.01 0
68.906 0 0 0.06 0.08 0.01 0.02 0.01 0.01 0
68.986 0 0 0.07 0.08 0.01 0.02 0.01 0.01 0
69.066 0 0 0.06 0.08 0.01 0.02 0.01 0.01 0
69.146 0 0 0.05 0.09 0.01 0.02 0.01 0.01 0
69.226 0 0 0.06 0.09 0.01 0.02 0.01 0.01 0
69.306 0 0 0.06 0.09 0.01 0.02 0.01 0.01 0
69.386 0 0 0.07 0.10 0.01 0.02 0.01 0.01 0
69.466 0 0 0.07 0.09 0.01 0.02 0.01 0.01 0
69.546 0 0 0.07 0.09 0.01 0.02 0.01 0.01 0
69.626 0 0 0.06 0.08 0.01 0.02 0.01 0.01 0
69.706 0 0 0.06 0.08 0.01 0.02 0.01 0.01 0
69.786 0 0 0.07 0.08 0.01 0.01 0.01 0.01 0
69.866 0 0 0.07 0.08 0.01 0.01 0.01 0.01 0
69.946 0 0 0.07 0.08 0.01 0.01 0.01 0.01 0
70.026 0 0 0.06 0.08 0.01 0.01 0.01 0.01 0
70.106 0 0 0.06 0.08 0.01 0.01 0.01 0.01 0
70.186 0 0 0.05 0.08 0.01 0.02 0.01 0.01 0
70.266 0 0 0.06 0.08 0.01 0.02 0.01 0.01 0
70.347 0 0 0.07 0.08 0.01 0.02 0.01 0.01 0
70.427 0 0 0.07 0.08 0.01 0.02 0.01 0.01 0
70.507 0 0 0.07 0.08 0.01 0.02 0.01 0.01 0
70.587 0 0 0.07 0.09 0.01 0.02 0.01 0.01 0
70.667 0 0 0.07 0.09 0.02 0.02 0.01 0.01 0
70.747 0 0 0.07 0.08 0.01 0.01 0.01 0.01 0
70.827 0 0 0.07 0.08 0.01 0.01 0.01 0.01 0
70.907 0 0 0.08 0.08 0.02 0.01 0.01 0.01 0
70.987 0 0 0.06 0.08 0.02 0.01 0.01 0.01 0
71.067 0 0 0.07 0.08 0.01 0.01 0.01 0.01 0
71.147 0 0 0.07 0.09 0.01 0.02 0.01 0.01 0
71.227 0 0 0.07 0.09 0.01 0.02 0.01 0.01 0
71.307 0 0 0.06 0.09 0.01 0.02 0.01 0.01 0
71.387 0 0 0.05 0.08 0.01 0.02 0.01 0.01 0
71.467 0 0 0.05 0.09 0.01 0.02 0.01 0.01 0
71.547 0 0 0.06 0.10 0.01 0.02 0.01 0.01 0
71.627 0 0 0.06 0.10 0.01 0.02 0.01 0.01 0
71.707 0 0 0.06 0.09 0.01 0.02 0.01 0.01 0
71.787 0 0 0.07 0.09 0.01 0.02 0.01 0.01 0
71.867 0 0 0.07 0.09 0.01 0.02 0.01 0.01 0
71.947 0 0 0.07 0.08 0.01 0.01 0.01 0.01 0
72.027 0 0 0.07 0.08 0.01 0.01 0.01 0.01 0
72.107 0 0 0.06 0.08 0.01 0.01 0.01 0.01 0
72.187 0 0 0.06 0.08 0.01 0.01 0.01 0.01 0
72.267 0 0 0.05 0.08 0.01 0.02 0.01 0.01 0
72.347 0 0 0.06 0.08 0.01 0.01 0.01 0.01 0
72.427 0 0 0.06 0.08 0.01 0.01 0.01 0.01 0
72.507 0 0 0.05 0.09 0.01 0.01 0.01 0.01 0
72.587 0 0 0.06 0.09 0.01 0.01 0.01 0.01 0
72.667 0 0 0.07 0.08 0.01 0.01 0.01 0.01 0
72.748 0 0 0.07 0.08 0.01 0.01 0.01 0.01 0
72.828 0 0 0.07 0.08 0.01 0.01 0.01 0.01 0
72.908 0 0 0.07 0.08 0.01 0.01 0.01 0.01 0
72.988 0 0 0.07 0.08 0.01 0.02 0.01 0.01 0
73.068 0 0 0.08 0.08 0.02 0.02 0.01 0.01 0
73.148 0 0 0.08 0.08 0.02 0.02 0.01 0.01 0
73.228 0 0 0.06 0.08 0.01 0.02 0.01 0.01 0
73.308 0 0 0.07 0.08 0.02 0.02 0.01 0.01 0
73.388 0 0 0.06 0.08 0.01 0.02 0.01 0.01 0
73.468 0 0 0.05 0.08 0.01 0.02 0.01 0.01 0
73.548 0 0 0.05 0.08 0.01 0.02 0.01 0.01 0
73.628 0 0 0.06 0.08 0.01 0.02 0.01 0.01 0
73.708 0 0 0.07 0.08 0.01 0.02 0.01 0.01 0
73.788 0 0 0.07 0.08 0.01 0.02 0.01 0.01 0
73.868 0 0 0.07 0.08 0.01 0.02 0.01 0.01 0
73.948 0 0 0.07 0.08 0.01 0.02 0.01 0.01 0
74.028 0 0 0.07 0.08 0.01 0.01 0.01 0.01 0
74.108 0 0 0.08 0.09 0.01 0.01 0.01 0.01 0
74.188 0 0 0.08 0.09 0.01 0.01 0.01 0.01 0
74.268 0 0 0.08 0.08 0.01 0.01 0.01 0.01 0
74.348 0 0 0.08 0.08 0.01 0.01 0.01 0.01 0
74.428 0 0 0.08 0.08 0.01 0.02 0.01 0.01 0
74.508 0 0 0.07 0.08 0.01 0.02 0.01 0.01 0
74.588 0 0 0.07 0.08 0.01 0.02 0.01 0.01 0
74.668 0 0 0.07 0.08 0.01 0.02 0.01 0.01 0
74.748 0 0 0.07 0.08 0.01 0.02 0.01 0.01 0
74.828 0 0 0.06 0.09 0.01 0.02 0.01 0.01 0
74.908 0 0 0.05 0.10 0.02 0.02 0.01 0.01 0
74.988 0 0 0.06 0.09 0.01 0.01 0.01 0.01 0
75.068 0 0 0.07 0.09 0.01 0.02 0.01 0.01 0
75.149 0 0 0.07 0.09 0.01 0.02 0.01 0.01 0
75.229 0 0 0.07 0.08 0.01 0.02 0.01 0.01 0
75.309 0 0 0.07 0.08 0.01 0.01 0.01 0.01 0
75.389 0 0 0.07 0.08 0.02 0.01 0.01 0.01 0
75.469 0 0 0.07 0.08 0.02 0.01 0.01 0.01 0
75.549 0 0 0.08 0.08 0.01 0.02 0.01 0.01 0
75.629 0 0 0.08 0.09 0.01 0.02 0.01 0.01 0
75.709 0 0 0.08 0.09 0.01 0.02 0.01 0.01 0
75.789 0 0 0.08 0.08 0.01 0.02 0.01 0.01 0
75.869 0 0 0.08 0.08 0.01 0.02 0.01 0.01 0
75.949 0 0 0.07 0.10 0.01 0.02 0.01 0.01 0
76.029 0 0 0.07 0.10 0.01 0.02 0.01 0.01 0
76.109 0 0 0.07 0.09 0.01 0.02 0.01 0.01 0
76.189 0 0 0.07 0.09 0.01 0.01 0.01 0.01 0
76.269 0 0 0.07 0.09 0.01 0.01 0.01 0.01 0
76.349 0 0 0.08 0.09 0.01 0.01 0.01 0.01 0
76.429 0 0 0.08 0.08 0.01 0.01 0.01 0.01 0
76.509 0 0 0.08 0.08 0.01 0.01 0.01 0.01 0
76.589 0 0 0.06 0.08 0.01 0.02 0.01 0.01 0
76.669 0 0 0.06 0.08 0.01 0.02 0.01 0.01 0
76.749 0 0 0.07 0.09 0.01 0.02 0.01 0.01 0
76.829 0 0 0.06 0.09 0.01 0.02 0.01 0.01 0
76.909 0 0 0.07 0.08 0.01 0.02 0.01 0.01 0
76.989 0 0 0.06 0.08 0.01 0.02 0.01 0.01 0
77.069 0 0 0.06 0.08 0.01 0.02 0.01 0.01 0
77.149 0 0 0.05 0.09 0.01 0.02 0.01 0.01 0
77.229 0 0 0.05 0.09 0.01 0.02 0.01 0.01 0
77.309 0 0 0.04 0.09 0.01 0.02 0.01 0.01 0
77.389 0 0 0.06 0.08 0.01 0.02 0.01 0.01 0
77.469 0 0 0.06 0.08 0.01 0.02 0.01 0.01 0
77.549 0 0 0.05 0.08 0.01 0.02 0.01 0.01 0
77.629 0 0 0.05 0.08 0.01 0.02 0.01 0.01 0
77.709 0 0 0.06 0.08 0.01 0.02 0.01 0.01 0
77.789 0 0 0.06 0.08 0.01 0.02 0.01 0.01 0
77.869 0 0 0.06 0.09 0.01 0.02 0.01 0.01 0
77.950 0 0 0.07 0.10 0.01 0.02 0.01 0.01 0
78.030 0 0 0.07 0.09 0.01 0.02 0.01 0.01 0
78.110 0 0 0.07 0.09 0.01 0.02 0.01 0.01 0
