0.000 0 0 0.00 0.00 0.00 0.00 0.00 0.00 0 0.00
0.080 0 0 0.01 0.00 0.00 0.00 0.00 0.00 0 0.01
0.160 0 0 0.01 0.01 0.00 0.00 0.00 0.00 0 0.02
0.240 0 0 0.01 0.01 0.00 0.00 0.00 0.00 0 0.02
0.320 0 0 0.00 0.01 0.00 0.00 0.01 0.00 0 0.01
0.400 0 0 0.00 0.01 0.00 0.00 0.01 0.00 0 0.01
0.480 0 0 0.00 0.00 0.00 0.00 0.01 0.00 0 0.01
0.560 0 0 0.01 0.02 0.01 0.00 0.01 0.00 0 0.04
0.640 0 0 0.01 0.02 0.00 0.01 0.00 0.00 0 0.04
0.720 0 0 0.01 0.02 0.00 0.00 0.01 0.00 0 0.03
0.800 0 0 0.01 0.02 0.00 0.00 0.01 0.00 0 0.03
0.880 0 0 0.00 0.02 0.00 0.00 0.01 0.00 0 0.04
0.960 0 0 0.00 0.02 0.00 0.00 0.01 0.00 0 0.02
1.040 0 0 0.00 0.01 0.00 0.00 0.00 0.00 0 0.02
1.120 0 0 0.00 0.02 0.00 0.01 0.01 0.00 0 0.03
1.200 0 0 0.00 0.02 0.00 0.01 0.01 0.00 0 0.03
1.281 0 0 0.01 0.01 0.00 0.01 0.00 0.00 0 0.04
1.361 0 0 0.01 0.01 0.00 0.01 0.01 0.00 0 0.03
1.441 0 0 0.02 0.01 0.01 0.01 0.01 0.00 0 0.04
1.521 0 0 0.01 0.00 0.01 0.00 0.00 0.00 0 0.03
1.601 0 0 0.01 0.00 0.01 0.00 0.00 0.00 0 0.03
1.681 0 0 0.01 0.00 0.01 0.00 0.00 0.00 0 0.02
1.761 0 0 0.01 0.00 0.01 0.00 0.00 0.00 0 0.02
1.841 0 0 0.00 0.00 0.00 0.00 0.00 0.00 0 0.01
1.921 0 0 0.00 0.01 0.00 0.00 0.00 0.00 0 0.02
2.001 0 0 0.00 0.01 0.00 0.00 0.00 0.00 0 0.02
2.081 0 0 0.01 0.02 0.00 0.00 0.00 0.00 0 0.04
2.161 0 0 0.01 0.01 0.00 0.00 0.00 0.00 0 0.03
2.241 0 0 0.01 0.02 0.00 0.00 0.00 0.00 0 0.03
2.321 0 0 0.01 0.02 0.00 0.00 0.00 0.00 0 0.03
2.401 0 0 0.00 0.03 0.01 0.00 0.00 0.00 0 0.04
2.481 0 0 0.00 0.02 0.01 0.00 0.00 0.00 0 0.03
2.561 0 0 0.00 0.03 0.00 0.01 0.00 0.00 0 0.04
2.641 0 0 0.01 0.02 0.00 0.00 0.01 0.00 0 0.04
2.721 0 0 0.01 0.02 0.00 0.00 0.01 0.00 0 0.04
2.801 0 0 0.02 0.01 0.00 0.01 0.01 0.00 0 0.04
2.881 0 0 0.01 0.01 0.00 0.00 0.01 0.00 0 0.03
2.961 0 0 0.01 0.02 0.00 0.01 0.01 0.00 0 0.04
3.041 0 0 0.02 0.01 0.00 0.01 0.00 0.00 0 0.04
3.121 0 0 0.02 0.01 0.00 0.01 0.00 0.00 0 0.04
3.201 0 0 0.03 0.02 0.00 0.01 0.00 0.00 0 0.06
3.281 0 0 0.03 0.01 0.00 0.01 0.00 0.00 0 0.05
3.361 0 0 0.03 0.01 0.00 0.00 0.01 0.00 0 0.05
3.441 0 0 0.02 0.01 0.00 0.01 0.01 0.00 0 0.03
3.521 0 0 0.02 0.01 0.00 0.01 0.01 0.00 0 0.03
3.601 0 0 0.02 0.02 0.00 0.00 0.01 0.00 0 0.04
3.681 0 0 0.01 0.01 0.00 0.00 0.01 0.00 0 0.02
3.762 0 0 0.01 0.02 0.00 0.00 0.01 0.00 0 0.03
3.842 0 0 0.02 0.01 0.00 0.00 0.01 0.00 0 0.03
3.922 0 0 0.02 0.01 0.00 0.00 0.01 0.00 0 0.03
4.002 0 0 0.02 0.02 0.00 0.00 0.01 0.00 0 0.05
4.082 0 0 0.02 0.01 0.00 0.00 0.00 0.00 0 0.03
4.162 0 0 0.01 0.01 0.00 0.00 0.00 0.00 0 0.03
4.242 0 0 0.02 0.01 0.01 0.00 0.01 0.00 0 0.03
4.322 0 0 0.02 0.01 0.01 0.00 0.01 0.00 0 0.03
4.402 0 0 0.03 0.02 0.00 0.00 0.00 0.00 0 0.05
4.482 0 0 0.02 0.01 0.00 0.01 0.01 0.00 0 0.04
4.562 0 0 0.01 0.01 0.00 0.00 0.01 0.00 0 0.03
4.642 0 0 0.01 0.01 0.00 0.00 0.01 0.00 0 0.03
4.722 0 0 0.01 0.01 0.00 0.00 0.01 0.00 0 0.03
4.802 0 0 0.01 0.01 0.00 0.00 0.01 0.00 0 0.02
4.882 0 0 0.01 0.00 0.00 0.00 0.00 0.00 0 0.01
4.962 0 0 0.02 0.01 0.00 0.00 0.00 0.00 0 0.04
5.042 0 0 0.02 0.01 0.00 0.00 0.00 0.00 0 0.04
5.122 0 0 0.01 0.01 0.00 0.00 0.00 0.00 0 0.03
5.202 0 0 0.01 0.02 0.00 0.00 0.01 0.00 0 0.03
5.282 0 0 0.01 0.01 0.00 0.00 0.01 0.00 0 0.03
5.362 0 0 0.00 0.02 0.00 0.00 0.01 0.00 0 0.03
5.442 0 0 0.00 0.02 0.00 0.00 0.01 0.00 0 0.03
5.522 0 0 0.00 0.03 0.00 0.01 0.01 0.00 0 0.04
5.602 0 0 0.00 0.02 0.00 0.01 0.01 0.00 0 0.03
5.682 0 0 0.00 0.01 0.00 0.00 0.01 0.00 0 0.02
5.762 0 0 0.00 0.02 0.00 0.01 0.01 0.00 0 0.03
5.842 0 0 0.00 0.02 0.00 0.01 0.01 0.00 0 0.03
5.922 0 0 0.00 0.03 0.00 0.00 0.01 0.00 0 0.03
6.002 0 0 0.01 0.02 0.00 0.00 0.00 0.00 0 0.03
6.082 0 0 0.01 0.01 0.00 0.00 0.00 0.00 0 0.02
6.162 0 0 0.01 0.02 0.00 0.00 0.00 0.00 0 0.03
6.243 0 0 0.01 0.02 0.00 0.00 0.00 0.00 0 0.03
6.323 0 0 0.00 0.03 0.00 0.00 0.00 0.00 0 0.03
6.403 0 0 0.02 0.03 0.00 0.00 0.01 0.01 0 0.05
6.483 0 0 0.01 0.03 0.00 0.00 0.01 0.01 0 0.05
6.563 0 0 0.01 0.04 0.00 0.00 0.01 0.00 0 0.05
6.643 0 0 0.01 0.04 0.00 0.00 0.01 0.00 0 0.05
6.723 0 0 0.02 0.02 0.00 0.01 0.00 0.00 0 0.05
6.803 0 0 0.01 0.03 0.00 0.01 0.00 0.00 0 0.05
6.883 0 0 0.01 0.02 0.00 0.00 0.00 0.00 0 0.03
6.963 0 0 0.01 0.02 0.00 0.00 0.00 0.00 0 0.03
7.043 0 0 0.01 0.01 0.00 0.00 0.01 0.00 0 0.02
7.123 0 0 0.00 0.02 0.00 0.00 0.00 0.00 0 0.03
7.203 0 0 0.00 0.01 0.00 0.00 0.00 0.00 0 0.02
7.283 0 0 0.01 0.02 0.00 0.00 0.00 0.00 0 0.04
7.363 0 0 0.01 0.02 0.00 0.00 0.00 0.00 0 0.04
7.443 0 0 0.02 0.03 0.01 0.00 0.00 0.00 0 0.06
7.523 0 0 0.03 0.03 0.00 0.00 0.00 0.00 0 0.07
7.603 0 0 0.02 0.03 0.00 0.00 0.00 0.00 0 0.06
7.683 0 0 0.01 0.02 0.00 0.00 0.00 0.00 0 0.04
7.763 0 0 0.01 0.02 0.00 0.00 0.00 0.00 0 0.04
7.843 0 0 0.02 0.03 0.00 0.00 0.00 0.00 0 0.05
7.923 0 0 0.03 0.03 0.00 0.00 0.00 0.00 0 0.06
8.003 0 0 0.02 0.02 0.00 0.00 0.00 0.00 0 0.04
8.083 0 0 0.02 0.04 0.00 0.00 0.00 0.00 0 0.07
8.163 0 0 0.02 0.04 0.00 0.00 0.00 0.00 0 0.07
8.243 0 0 0.02 0.04 0.00 0.00 0.00 0.00 0 0.06
8.323 0 0 0.01 0.04 0.00 0.00 0.00 0.00 0 0.06
8.403 0 0 0.01 0.03 0.00 0.00 0.00 0.00 0 0.04
8.483 0 0 0.01 0.08 0.00 0.00 0.00 0.00 0 0.09
8.563 0 0 0.01 0.08 0.00 0.00 0.00 0.00 0 0.09
8.643 0 0 0.00 0.05 0.00 0.00 0.00 0.00 0 0.06
8.723 0 0 0.01 0.05 0.00 0.00 0.00 0.00 0 0.07
8.803 0 0 0.02 0.03 0.00 0.00 0.00 0.00 0 0.06
8.883 0 0 0.02 0.04 0.00 0.00 0.00 0.00 0 0.05
8.963 0 0 0.02 0.04 0.00 0.00 0.00 0.00 0 0.05
9.043 0 0 0.01 0.02 0.00 0.00 0.00 0.00 0 0.04
9.123 0 0 0.01 0.03 0.00 0.00 0.00 0.00 0 0.04
9.203 0 0 0.00 0.03 0.00 0.00 0.00 0.00 0 0.04
9.283 0 0 0.00 0.03 0.00 0.00 0.00 0.00 0 0.04
9.363 0 0 0.00 0.03 0.00 0.00 0.00 0.00 0 0.04
9.443 0 0 0.00 0.02 0.00 0.00 0.00 0.00 0 0.03
9.523 0 0 0.00 0.01 0.00 0.00 0.01 0.00 0 0.02
9.604 0 0 0.00 0.01 0.00 0.00 0.00 0.00 0 0.01
9.684 0 0 0.00 0.01 0.00 0.00 0.00 0.00 0 0.01
9.764 0 0 0.00 0.01 0.00 0.00 0.00 0.00 0 0.01
9.844 0 0 0.00 0.00 0.00 0.00 0.00 0.00 0 0.01
9.924 0 0 0.01 0.00 0.00 0.00 0.00 0.00 0 0.02
10.004 0 0 0.01 0.00 0.00 0.00 0.00 0.00 0 0.01
10.084 0 0 0.01 0.00 0.00 0.00 0.00 0.00 0 0.01
10.164 0 0 0.02 0.00 0.00 0.00 0.00 0.00 0 0.02
10.244 0 0 0.01 0.01 0.00 0.01 0.00 0.00 0 0.03
10.324 0 0 0.01 0.01 0.00 0.00 0.00 0.00 0 0.02
10.404 0 0 0.01 0.02 0.00 0.01 0.00 0.00 0 0.03
10.484 0 0 0.01 0.02 0.00 0.01 0.00 0.00 0 0.03
10.564 0 0 0.02 0.03 0.00 0.01 0.00 0.00 0 0.05
10.644 0 0 0.01 0.02 0.00 0.00 0.00 0.00 0 0.03
10.724 0 0 0.01 0.01 0.00 0.00 0.00 0.00 0 0.02
10.804 0 0 0.01 0.01 0.00 0.00 0.01 0.00 0 0.02
10.884 0 0 0.01 0.01 0.00 0.00 0.01 0.00 0 0.02
10.964 0 0 0.02 0.02 0.00 0.00 0.01 0.00 0 0.04
11.044 0 0 0.01 0.01 0.00 0.00 0.01 0.00 0 0.03
11.124 0 0 0.02 0.01 0.00 0.00 0.01 0.00 0 0.03
11.204 0 0 0.01 0.01 0.00 0.00 0.00 0.00 0 0.02
11.284 0 0 0.01 0.01 0.00 0.00 0.00 0.00 0 0.02
11.364 0 0 0.01 0.00 0.00 0.00 0.00 0.00 0 0.02
11.444 0 0 0.01 0.00 0.00 0.00 0.00 0.00 0 0.01
11.524 0 0 0.00 0.01 0.00 0.00 0.00 0.00 0 0.02
11.604 0 0 0.00 0.01 0.00 0.00 0.00 0.00 0 0.02
11.684 0 0 0.00 0.01 0.00 0.00 0.00 0.00 0 0.02
11.764 85 0 0.02 0.01 0.00 0.00 0.02 0.00 1 0.03
11.844 85 0 0.04 0.02 0.00 0.00 0.03 0.00 0 0.06
11.924 670 0 0.04 0.03 0.00 0.01 0.04 0.00 5 0.07
12.004 670 0 0.04 0.03 0.00 0.01 0.04 0.00 5 0.07
12.084 904 0 0.04 0.03 0.00 0.02 0.04 0.00 3 0.09
12.164 962 0 0.04 0.05 0.00 0.02 0.04 0.00 4 0.10
12.244 987 0 0.04 0.04 0.00 0.02 0.04 0.00 3 0.11
12.324 1011 0 0.05 0.04 0.01 0.02 0.03 0.00 2 0.12
12.404 1011 0 0.05 0.04 0.01 0.02 0.03 0.00 2 0.12
12.484 1061 0 0.06 0.04 0.01 0.01 0.03 0.00 4 0.12
12.564 1097 0 0.07 0.03 0.00 0.01 0.03 0.00 2 0.11
12.644 1116 0 0.06 0.03 0.01 0.01 0.04 0.00 6 0.10
12.724 1122 0 0.06 0.03 0.01 0.01 0.04 0.00 5 0.12
12.804 1122 0 0.06 0.03 0.01 0.01 0.04 0.00 5 0.12
12.885 1167 0 0.07 0.04 0.01 0.01 0.04 0.00 5 0.12
12.965 1207 0 0.06 0.04 0.01 0.01 0.04 0.00 4 0.11
13.045 1238 0 0.05 0.04 0.01 0.01 0.04 0.00 5 0.11
13.125 1284 0 0.07 0.03 0.00 0.01 0.03 0.00 4 0.12
13.205 1284 0 0.07 0.03 0.00 0.01 0.03 0.00 4 0.12
13.285 1304 0 0.07 0.02 0.00 0.01 0.03 0.00 4 0.10
13.365 1317 0 0.09 0.02 0.00 0.01 0.03 0.00 4 0.13
13.445 1319 0 0.07 0.03 0.00 0.01 0.03 0.00 5 0.12
13.525 1319 0 0.07 0.03 0.00 0.01 0.03 0.00 5 0.12
13.605 1319 0 0.07 0.03 0.00 0.01 0.03 0.00 5 0.12
13.685 1396 0 0.09 0.02 0.01 0.01 0.03 0.00 4 0.13
13.765 1432 0 0.10 0.03 0.01 0.01 0.04 0.00 9 0.14
13.845 1475 0 0.09 0.03 0.01 0.02 0.04 0.00 5 0.15
13.925 1475 0 0.09 0.03 0.01 0.02 0.04 0.00 5 0.15
14.005 1497 0 0.11 0.03 0.01 0.02 0.05 0.00 10 0.17
14.085 1539 0 0.16 0.03 0.01 0.02 0.05 0.00 8 0.22
14.165 1550 0 0.16 0.02 0.01 0.02 0.04 0.00 5 0.21
14.245 1565 0 0.15 0.02 0.01 0.01 0.04 0.00 6 0.18
14.325 1565 0 0.15 0.02 0.01 0.01 0.04 0.00 6 0.18
14.405 1577 0 0.14 0.01 0.01 0.01 0.04 0.00 8 0.17
14.485 1591 0 0.13 0.01 0.01 0.02 0.04 0.00 6 0.17
14.565 1595 0 0.13 0.01 0.01 0.02 0.05 0.00 12 0.16
14.645 1632 0 0.12 0.02 0.01 0.03 0.05 0.00 11 0.18
14.725 1632 0 0.12 0.02 0.01 0.03 0.05 0.00 11 0.18
14.805 1700 0 0.15 0.01 0.02 0.04 0.05 0.00 8 0.22
14.885 1714 0 0.16 0.02 0.03 0.04 0.05 0.00 7 0.25
14.965 1720 0 0.17 0.03 0.02 0.03 0.05 0.00 8 0.25
15.045 1733 0 0.19 0.02 0.02 0.04 0.05 0.00 12 0.27
15.125 1733 0 0.19 0.02 0.02 0.04 0.05 0.00 12 0.27
15.205 1780 0 0.19 0.02 0.03 0.04 0.05 0.00 8 0.30
15.285 1800 0 0.21 0.04 0.03 0.03 0.05 0.00 11 0.31
15.365 1854 0 0.24 0.03 0.02 0.02 0.05 0.00 11 0.31
15.445 1904 0 0.33 0.02 0.02 0.01 0.06 0.00 15 0.38
15.525 1904 0 0.33 0.02 0.02 0.01 0.06 0.00 15 0.38
15.605 1909 0 0.27 0.01 0.02 0.01 0.06 0.00 13 0.32
15.685 1910 0 0.23 0.02 0.03 0.02 0.06 0.00 9 0.30
15.765 1904 0 0.25 0.03 0.02 0.03 0.05 0.00 8 0.32
15.845 1904 0 0.25 0.03 0.02 0.03 0.05 0.00 8 0.32
15.925 1937 0 0.22 0.03 0.02 0.03 0.06 0.00 15 0.30
16.005 1976 0 0.15 0.02 0.03 0.02 0.09 0.00 29 0.22
16.085 1973 0 0.18 0.01 0.02 0.02 0.07 0.00 8 0.23
16.165 1982 0 0.33 0.01 0.01 0.03 0.06 0.00 10 0.39
16.246 1982 0 0.33 0.01 0.01 0.03 0.06 0.00 10 0.39
16.326 2029 0 0.25 0.01 0.02 0.03 0.08 0.00 26 0.30
16.406 2079 0 0.23 0.02 0.02 0.03 0.07 0.00 13 0.30
16.486 2079 0 0.32 0.02 0.02 0.03 0.08 0.00 18 0.39
16.566 2195 0 0.32 0.02 0.02 0.02 0.11 0.00 42 0.38
16.646 2195 0 0.32 0.02 0.02 0.02 0.11 0.00 42 0.38
16.726 2281 0 0.37 0.01 0.03 0.03 0.10 0.00 21 0.43
16.806 2323 0 0.39 0.02 0.02 0.03 0.09 0.00 19 0.46
16.886 2329 0 0.45 0.03 0.03 0.03 0.09 0.00 20 0.53
16.966 2352 0 0.41 0.03 0.02 0.02 0.09 0.00 22 0.48
17.046 2352 0 0.41 0.03 0.02 0.02 0.09 0.00 22 0.48
17.126 2359 0 0.39 0.02 0.02 0.03 0.09 0.00 22 0.46
17.206 2415 0 0.38 0.13 0.02 0.03 0.09 0.00 21 0.55
17.286 2418 0 0.38 0.09 0.02 0.03 0.09 0.00 27 0.52
17.366 2473 0 0.41 0.15 0.03 0.03 0.11 0.00 39 0.62
17.446 2473 0 0.41 0.15 0.03 0.03 0.11 0.00 39 0.62
17.526 2532 0 0.39 0.10 0.03 0.03 0.11 0.00 30 0.56
17.606 2598 0 0.40 0.08 0.03 0.03 0.12 0.00 35 0.55
17.686 2677 0 0.42 0.05 0.03 0.03 0.11 0.00 28 0.53
17.766 2677 0 0.42 0.05 0.03 0.03 0.11 0.00 28 0.53
17.846 2714 0 0.44 0.05 0.03 0.03 0.12 0.00 35 0.55
17.926 2758 0 0.45 0.03 0.03 0.04 0.12 0.00 34 0.55
18.006 2773 0 0.44 0.02 0.03 0.04 0.11 0.00 29 0.54
18.086 2752 0 0.44 0.02 0.03 0.04 0.11 0.00 35 0.52
18.166 2752 0 0.44 0.02 0.03 0.04 0.11 0.00 35 0.52
18.246 2790 0 0.46 0.02 0.04 0.05 0.12 0.00 36 0.57
18.326 2863 0 0.46 0.02 0.04 0.05 0.12 0.00 42 0.56
18.406 2916 0 0.46 0.02 0.04 0.06 0.13 0.00 43 0.59
18.486 2977 0 0.45 0.03 0.05 0.05 0.14 0.00 46 0.58
18.566 2977 0 0.45 0.03 0.05 0.05 0.14 0.00 46 0.58
18.646 3007 0 0.50 0.03 0.04 0.05 0.14 0.00 48 0.62
18.726 3062 0 0.52 0.05 0.05 0.06 0.14 0.00 45 0.68
18.807 3068 0 0.53 0.03 0.05 0.05 0.14 0.00 49 0.66
18.887 3090 0 0.51 0.02 0.05 0.05 0.14 0.01 38 0.63
18.967 3090 0 0.51 0.02 0.05 0.05 0.14 0.01 38 0.63
19.047 3102 0 0.51 0.04 0.05 0.05 0.14 0.01 46 0.65
19.127 3096 0 0.51 0.03 0.04 0.05 0.15 0.00 53 0.63
19.207 3120 0 0.52 0.02 0.05 0.06 0.15 0.00 48 0.64
19.287 3132 0 0.54 0.02 0.05 0.06 0.14 0.01 42 0.67
19.367 3132 0 0.54 0.02 0.05 0.06 0.14 0.01 42 0.67
19.447 3132 0 0.54 0.04 0.05 0.06 0.15 0.01 52 0.69
19.527 3193 0 0.57 0.04 0.05 0.05 0.15 0.00 55 0.71
19.607 3252 0 0.59 0.03 0.06 0.05 0.16 0.00 58 0.73
19.687 3252 0 0.59 0.03 0.06 0.05 0.16 0.00 58 0.73
19.767 3353 0 0.62 0.02 0.06 0.07 0.16 0.00 58 0.77
19.847 3382 0 0.64 0.01 0.05 0.06 0.16 0.00 58 0.77
19.927 3390 0 0.66 0.02 0.06 0.07 0.17 0.02 62 0.80
20.007 3400 0 0.67 0.03 0.06 0.06 0.17 0.01 65 0.83
20.087 3400 0 0.67 0.03 0.06 0.06 0.17 0.01 65 0.83
20.167 3419 0 0.69 0.02 0.05 0.06 0.18 0.01 71 0.83
20.247 3505 0 0.71 0.01 0.07 0.07 0.19 0.01 77 0.86
20.327 3567 0 0.73 0.03 0.06 0.07 0.19 0.00 77 0.89
20.407 3646 0 0.75 0.02 0.07 0.07 0.19 0.00 69 0.91
20.487 3646 0 0.75 0.02 0.07 0.07 0.19 0.00 69 0.91
20.567 3663 0 0.76 0.02 0.06 0.08 0.19 0.00 76 0.92
20.647 3682 0 0.77 0.02 0.06 0.07 0.19 0.00 75 0.92
20.727 3665 0 0.77 0.04 0.08 0.09 0.19 0.00 74 0.98
20.807 3670 0 0.77 0.03 0.06 0.07 0.20 0.00 88 0.93
20.887 3670 0 0.77 0.03 0.06 0.07 0.20 0.00 88 0.93
20.967 3756 0 0.80 0.03 0.08 0.09 0.21 0.00 88 1.00
21.047 3779 0 0.79 0.02 0.06 0.07 0.19 0.00 63 0.95
21.127 3797 0 0.82 0.03 0.08 0.09 0.20 0.00 91 1.01
21.207 3854 0 0.83 0.03 0.08 0.09 0.21 0.01 90 1.03
21.287 3854 0 0.83 0.03 0.08 0.09 0.21 0.01 90 1.03
21.367 3908 0 0.85 0.03 0.08 0.09 0.23 0.00 105 1.06
21.447 4003 0 0.89 0.02 0.09 0.09 0.24 0.00 118 1.09
21.528 4137 0 0.93 0.03 0.08 0.08 0.25 0.00 114 1.12
21.608 4137 0 0.93 0.03 0.08 0.08 0.25 0.00 114 1.12
21.688 4137 0 0.93 0.03 0.08 0.08 0.25 0.00 114 1.12
21.768 4127 0 0.93 0.03 0.07 0.08 0.25 0.00 106 1.12
21.848 4155 0 0.97 0.02 0.08 0.10 0.24 0.00 99 1.17
21.928 4143 0 0.99 0.03 0.09 0.10 0.25 0.01 109 1.20
22.008 4143 0 0.99 0.03 0.09 0.10 0.25 0.01 109 1.20
22.088 4143 0 1.00 0.03 0.08 0.09 0.25 0.00 107 1.20
22.168 4124 0 1.00 0.05 0.09 0.11 0.25 0.00 106 1.25
22.248 4130 0 1.01 0.03 0.09 0.10 0.25 0.00 109 1.23
22.328 4127 0 1.01 0.03 0.10 0.10 0.25 0.00 106 1.24
22.408 4127 0 1.01 0.03 0.10 0.10 0.25 0.00 106 1.24
22.488 4124 0 1.02 0.04 0.10 0.10 0.24 0.00 104 1.26
22.568 4121 0 1.02 0.02 0.10 0.13 0.25 0.00 111 1.27
22.648 4124 0 1.01 0.03 0.10 0.12 0.25 0.00 104 1.26
22.728 4127 0 1.00 0.03 0.10 0.12 0.24 0.00 101 1.25
22.808 4127 0 1.00 0.03 0.10 0.12 0.24 0.00 101 1.25
22.888 4130 0 1.04 0.02 0.10 0.11 0.25 0.00 109 1.27
22.968 4143 0 1.03 0.03 0.13 0.10 0.25 0.00 107 1.30
23.048 4137 0 1.03 0.02 0.13 0.11 0.25 0.00 112 1.28
23.128 4158 0 1.04 0.03 0.12 0.11 0.25 0.00 110 1.29
23.208 4158 0 1.04 0.03 0.12 0.11 0.25 0.00 110 1.29
23.288 4202 0 1.03 0.03 0.11 0.11 0.26 0.00 121 1.27
23.368 4240 0 1.03 0.02 0.11 0.11 0.26 0.00 117 1.26
23.448 4253 0 1.02 0.04 0.10 0.10 0.26 0.00 123 1.27
23.528 4253 0 1.02 0.04 0.10 0.10 0.26 0.00 123 1.27
23.608 4253 0 1.02 0.04 0.10 0.10 0.26 0.00 123 1.27
23.688 4266 0 1.04 0.03 0.10 0.11 0.28 0.00 136 1.28
23.768 4315 0 1.07 0.08 0.11 0.11 0.28 0.00 122 1.37
23.848 4335 0 1.08 0.08 0.11 0.11 0.28 0.00 125 1.38
23.929 4335 0 1.08 0.08 0.11 0.11 0.28 0.00 125 1.38
24.009 4366 0 1.08 0.07 0.11 0.11 0.28 0.00 129 1.37
24.089 4359 0 1.07 0.06 0.11 0.11 0.27 0.00 118 1.35
24.169 4383 0 0.87 0.04 0.10 0.11 0.28 0.00 132 1.11
24.249 4369 0 0.95 0.03 0.11 0.11 0.27 0.00 123 1.20
24.329 4369 0 0.95 0.03 0.11 0.11 0.27 0.00 123 1.20
24.409 4369 0 1.01 0.04 0.11 0.11 0.27 0.00 123 1.28
24.489 4376 0 1.06 0.04 0.11 0.11 0.28 0.00 132 1.32
24.569 4355 0 1.10 0.03 0.11 0.11 0.27 0.00 118 1.35
24.649 4366 0 1.11 0.04 0.11 0.11 0.27 0.00 118 1.37
24.729 4366 0 1.11 0.04 0.11 0.11 0.27 0.00 118 1.37
24.809 4386 0 1.12 0.03 0.11 0.12 0.27 0.00 132 1.38
24.889 4369 0 1.13 0.03 0.11 0.12 0.28 0.00 129 1.40
24.969 4369 0 1.12 0.05 0.11 0.11 0.28 0.00 134 1.39
25.049 4428 0 1.14 0.04 0.12 0.12 0.28 0.00 133 1.42
25.129 4428 0 1.14 0.04 0.12 0.12 0.28 0.00 133 1.42
25.209 4445 0 1.12 0.04 0.12 0.12 0.29 0.01 136 1.41
25.289 4421 0 1.14 0.04 0.12 0.13 0.29 0.01 138 1.42
25.369 4445 0 1.15 0.04 0.11 0.13 0.28 0.01 123 1.43
25.449 4435 0 1.14 0.10 0.11 0.13 0.28 0.01 133 1.49
25.529 4435 0 1.14 0.10 0.11 0.13 0.28 0.01 133 1.49
25.609 4470 0 1.14 0.07 0.11 0.13 0.29 0.01 140 1.45
25.689 4488 0 1.16 0.07 0.11 0.13 0.29 0.01 140 1.48
25.769 4492 0 1.17 0.05 0.12 0.12 0.30 0.01 149 1.45
25.849 4492 0 1.17 0.05 0.12 0.12 0.30 0.01 149 1.45
25.929 4506 0 1.17 0.05 0.11 0.12 0.30 0.01 141 1.45
26.009 4513 0 1.18 0.04 0.12 0.13 0.31 0.01 158 1.47
26.089 4603 0 1.18 0.04 0.13 0.13 0.31 0.01 150 1.47
26.169 4603 0 1.18 0.04 0.12 0.13 0.30 0.01 141 1.47
26.249 4603 0 1.18 0.04 0.12 0.13 0.30 0.01 141 1.47
26.329 4599 0 1.20 0.04 0.12 0.13 0.31 0.00 152 1.49
26.409 4599 0 1.22 0.04 0.11 0.13 0.31 0.00 158 1.50
26.489 4606 0 1.19 0.21 0.11 0.13 0.31 0.00 147 1.64
26.570 4618 0 1.18 0.16 0.12 0.13 0.31 0.00 142 1.59
26.650 4618 0 1.18 0.16 0.12 0.13 0.31 0.00 142 1.59
26.730 4606 0 1.19 0.12 0.12 0.13 0.31 0.00 153 1.57
26.810 4610 0 1.22 0.09 0.13 0.13 0.32 0.00 161 1.58
26.890 4637 0 1.27 0.08 0.13 0.13 0.32 0.00 162 1.61
26.970 4625 0 1.23 0.06 0.13 0.13 0.32 0.00 153 1.55
27.050 4625 0 1.23 0.06 0.13 0.13 0.32 0.00 153 1.55
27.130 4652 0 1.10 0.07 0.13 0.13 0.32 0.00 148 1.42
27.210 4625 0 1.17 0.07 0.13 0.13 0.32 0.00 159 1.51
27.290 4683 0 1.23 0.05 0.13 0.14 0.33 0.00 167 1.55
27.370 4723 0 1.25 0.05 0.14 0.14 0.33 0.00 174 1.57
27.450 4723 0 1.25 0.05 0.14 0.14 0.33 0.00 174 1.57
27.530 4727 0 1.26 0.06 0.15 0.14 0.35 0.00 197 1.61
27.610 4816 0 1.30 0.05 0.15 0.14 0.36 0.00 186 1.64
27.690 4796 0 1.32 0.05 0.15 0.15 0.36 0.01 179 1.66
27.770 4796 0 1.32 0.05 0.15 0.15 0.36 0.01 179 1.66
27.850 4846 0 1.31 0.04 0.15 0.15 0.35 0.00 169 1.65
27.930 4841 0 1.33 0.07 0.14 0.15 0.35 0.00 169 1.69
28.010 4833 0 1.32 0.07 0.14 0.15 0.34 0.00 166 1.68
28.090 4825 0 1.29 0.07 0.13 0.15 0.34 0.00 169 1.65
28.170 4825 0 1.29 0.07 0.13 0.15 0.34 0.00 169 1.65
28.250 4833 0 1.26 0.06 0.13 0.15 0.34 0.00 169 1.60
28.330 4841 0 1.28 0.07 0.14 0.15 0.35 0.01 184 1.64
28.410 4905 0 1.31 0.05 0.14 0.15 0.35 0.01 190 1.64
28.490 4922 0 1.31 0.04 0.14 0.15 0.36 0.01 187 1.64
28.570 4922 0 1.31 0.04 0.14 0.15 0.36 0.01 187 1.64
28.650 4922 0 1.34 0.04 0.14 0.15 0.36 0.01 184 1.68
28.730 4927 0 1.35 0.04 0.15 0.15 0.36 0.01 184 1.69
28.810 4905 0 1.37 0.05 0.15 0.14 0.36 0.01 181 1.71
28.890 4918 0 1.44 0.05 0.15 0.14 0.35 0.01 181 1.78
28.970 4918 0 1.44 0.05 0.15 0.14 0.35 0.01 181 1.78
29.050 4884 0 1.44 0.05 0.15 0.14 0.36 0.01 192 1.78
29.131 4940 0 1.43 0.04 0.15 0.14 0.37 0.00 194 1.76
29.211 4940 0 1.41 0.04 0.15 0.14 0.37 0.00 194 1.75
29.291 4918 0 1.40 0.04 0.15 0.15 0.37 0.02 187 1.74
29.371 4918 0 1.40 0.04 0.15 0.15 0.37 0.02 187 1.74
29.451 4922 0 1.37 0.05 0.15 0.15 0.37 0.02 190 1.72
29.531 4909 0 1.41 0.05 0.16 0.15 0.36 0.01 184 1.77
29.611 4935 0 1.40 0.05 0.15 0.15 0.31 0.01 97 1.74
29.691 4935 0 1.40 0.05 0.15 0.15 0.31 0.01 97 1.74
29.771 4935 0 1.40 0.05 0.15 0.15 0.31 0.01 97 1.74
29.851 4892 0 1.41 0.03 0.15 0.15 0.33 0.01 195 1.74
29.931 4897 0 1.42 0.03 0.15 0.16 0.34 0.01 183 1.76
30.011 4901 0 1.39 0.04 0.15 0.16 0.34 0.01 177 1.74
30.091 4901 0 1.39 0.04 0.15 0.16 0.34 0.01 177 1.74
30.171 4935 0 1.40 0.05 0.14 0.16 0.36 0.01 212 1.75
30.251 4918 0 1.42 0.03 0.15 0.17 0.36 0.00 187 1.78
30.331 4909 0 1.42 0.04 0.16 0.17 0.36 0.01 181 1.78
30.411 4922 0 1.38 0.04 0.16 0.17 0.36 0.01 184 1.74
30.491 4922 0 1.38 0.04 0.16 0.17 0.36 0.01 184 1.74
30.571 4914 0 1.37 0.04 0.15 0.16 0.36 0.01 193 1.73
30.651 4922 0 1.41 0.05 0.15 0.15 0.36 0.01 187 1.76
30.731 4940 0 1.40 0.21 0.15 0.15 0.36 0.01 182 1.91
30.811 4884 0 1.35 0.17 0.15 0.15 0.36 0.01 186 1.82
30.891 4884 0 1.35 0.17 0.15 0.15 0.36 0.01 186 1.82
30.971 4931 0 1.37 0.13 0.16 0.15 0.37 0.01 200 1.80
31.051 4944 0 1.38 0.11 0.19 0.15 0.37 0.01 188 1.84
31.131 4948 0 1.39 0.11 0.18 0.15 0.36 0.01 182 1.82
31.211 4944 0 1.41 0.09 0.16 0.15 0.37 0.01 194 1.80
31.291 4944 0 1.41 0.09 0.16 0.15 0.37 0.01 194 1.80
31.371 4918 0 1.43 0.07 0.16 0.15 0.37 0.01 193 1.81
31.451 4944 0 1.42 0.07 0.15 0.15 0.37 0.01 185 1.80
31.531 4953 0 1.42 0.09 0.15 0.15 0.37 0.01 191 1.81
31.611 4953 0 1.42 0.09 0.15 0.15 0.37 0.01 191 1.81
31.691 4953 0 1.42 0.09 0.15 0.15 0.37 0.01 191 1.81
31.771 4966 0 1.41 0.07 0.15 0.16 0.37 0.01 198 1.79
31.852 5010 0 1.42 0.06 0.15 0.16 0.37 0.01 200 1.79
31.932 5010 0 1.43 0.07 0.15 0.16 0.37 0.01 194 1.81
32.012 5010 0 1.43 0.07 0.15 0.16 0.37 0.01 194 1.81
32.092 5006 0 1.45 0.06 0.15 0.17 0.38 0.01 200 1.82
32.172 5002 0 1.46 0.06 0.14 0.16 0.38 0.01 196 1.83
32.252 5002 0 1.46 0.07 0.14 0.16 0.37 0.00 193 1.83
32.332 4984 0 1.43 0.06 0.15 0.16 0.38 0.01 205 1.80
32.412 4984 0 1.43 0.06 0.15 0.16 0.38 0.01 205 1.80
32.492 5006 0 1.43 0.05 0.15 0.16 0.38 0.01 193 1.80
32.572 4997 0 1.44 0.06 0.15 0.16 0.38 0.01 196 1.81
32.652 4997 0 1.45 0.05 0.15 0.12 0.37 0.01 187 1.77
32.732 4988 0 1.44 0.05 0.15 0.12 0.36 0.01 184 1.75
32.812 4988 0 1.44 0.05 0.15 0.12 0.36 0.01 184 1.75
32.892 4962 0 1.45 0.06 0.15 0.13 0.36 0.01 186 1.79
32.972 4988 0 1.44 0.05 0.15 0.14 0.36 0.00 184 1.78
33.052 4975 0 1.43 0.05 0.15 0.16 0.36 0.01 195 1.78
33.132 4993 0 1.47 0.03 0.15 0.16 0.36 0.00 190 1.81
33.212 4993 0 1.47 0.03 0.15 0.16 0.36 0.00 190 1.81
33.292 4993 0 1.45 0.03 0.15 0.16 0.37 0.01 193 1.79
33.372 4984 0 1.45 0.02 0.15 0.16 0.37 0.01 196 1.78
33.452 4993 0 1.45 0.04 0.15 0.15 0.37 0.01 190 1.79
33.532 4997 0 1.45 0.04 0.14 0.14 0.37 0.01 190 1.76
33.612 4997 0 1.45 0.04 0.14 0.14 0.37 0.01 190 1.76
33.692 4953 0 1.46 0.04 0.15 0.14 0.37 0.00 201 1.79
33.772 4979 0 1.44 0.04 0.15 0.21 0.37 0.00 189 1.84
33.852 4988 0 1.44 0.06 0.14 0.19 0.37 0.01 199 1.84
33.932 4988 0 1.44 0.06 0.14 0.19 0.37 0.01 199 1.84
34.012 4988 0 1.47 0.07 0.15 0.18 0.37 0.01 196 1.87
34.092 4957 0 1.46 0.06 0.15 0.17 0.36 0.01 167 1.84
34.172 4975 0 1.49 0.22 0.15 0.16 0.36 0.01 195 2.02
34.252 4979 0 1.49 0.17 0.14 0.16 0.36 0.01 186 1.97
34.332 4979 0 1.49 0.17 0.14 0.16 0.36 0.01 186 1.97
34.412 4953 0 1.46 0.14 0.15 0.16 0.36 0.01 188 1.92
34.493 4984 0 1.47 0.11 0.15 0.17 0.36 0.01 193 1.90
34.573 4970 0 1.39 0.07 0.15 0.17 0.36 0.01 189 1.78
34.653 4948 0 1.41 0.06 0.16 0.17 0.37 0.01 194 1.79
34.733 4948 0 1.41 0.06 0.16 0.17 0.37 0.01 194 1.79
34.813 4962 0 1.43 0.06 0.16 0.16 0.37 0.01 192 1.80
34.893 4962 0 1.42 0.05 0.16 0.17 0.37 0.01 189 1.81
34.973 4966 0 1.43 0.05 0.16 0.17 0.37 0.00 192 1.80
35.053 4988 0 1.46 0.03 0.16 0.17 0.37 0.00 190 1.82
35.133 4988 0 1.46 0.03 0.16 0.17 0.37 0.00 190 1.82
35.213 4997 0 1.43 0.05 0.16 0.17 0.37 0.03 193 1.80
35.293 4953 0 1.44 0.03 0.16 0.17 0.37 0.02 194 1.79
35.373 4957 0 1.45 0.03 0.16 0.17 0.36 0.02 182 1.81
35.453 4975 0 1.44 0.05 0.15 0.17 0.37 0.01 195 1.80
35.533 4975 0 1.44 0.05 0.15 0.17 0.37 0.01 195 1.80
35.613 4962 0 1.44 0.05 0.15 0.16 0.37 0.02 192 1.80
35.693 4975 0 1.48 0.04 0.16 0.17 0.37 0.01 189 1.85
35.773 4975 0 1.46 0.04 0.16 0.17 0.37 0.01 195 1.82
35.853 4975 0 1.46 0.04 0.16 0.17 0.37 0.01 195 1.82
35.933 4966 0 1.45 0.07 0.16 0.16 0.37 0.01 192 1.84
36.013 4979 0 1.43 0.07 0.16 0.17 0.37 0.01 192 1.82
36.093 4970 0 1.42 0.06 0.16 0.17 0.37 0.01 195 1.81
36.173 4984 0 1.15 0.05 0.16 0.18 0.35 0.01 159 1.54
36.253 4984 0 1.15 0.05 0.16 0.18 0.35 0.01 159 1.54
36.333 4953 0 1.25 0.06 0.16 0.17 0.36 0.01 191 1.64
36.413 4970 0 1.32 0.08 0.17 0.18 0.36 0.01 186 1.75
36.493 4984 0 1.34 0.08 0.18 0.18 0.36 0.01 190 1.78
36.573 4993 0 1.36 0.09 0.17 0.18 0.36 0.01 196 1.80
36.653 4993 0 1.36 0.09 0.17 0.18 0.36 0.01 196 1.80
36.733 4997 0 1.37 0.09 0.17 0.18 0.35 0.01 175 1.81
36.813 4957 0 1.20 0.08 0.17 0.17 0.36 0.01 189 1.62
36.893 4993 0 1.29 0.07 0.16 0.17 0.37 0.01 208 1.69
36.973 4970 0 1.30 0.07 0.16 0.17 0.36 0.00 183 1.70
37.053 4970 0 1.30 0.07 0.16 0.17 0.36 0.00 183 1.70
37.134 4970 0 1.35 0.07 0.15 0.17 0.37 0.01 192 1.74
37.214 4997 0 1.38 0.05 0.15 0.16 0.37 0.01 196 1.74
37.294 4993 0 1.38 0.05 0.14 0.17 0.37 0.01 193 1.73
37.374 4979 0 1.42 0.04 0.15 0.17 0.37 0.01 192 1.78
37.454 4979 0 1.42 0.04 0.15 0.17 0.37 0.01 192 1.78
37.534 4979 0 1.43 0.03 0.15 0.16 0.37 0.00 186 1.77
37.614 4966 0 1.42 0.03 0.14 0.16 0.37 0.01 195 1.76
37.694 4984 0 1.44 0.05 0.15 0.16 0.37 0.01 199 1.80
37.774 4984 0 1.44 0.05 0.15 0.16 0.37 0.01 199 1.80
37.854 4979 0 1.44 0.04 0.14 0.16 0.37 0.01 186 1.80
37.934 4979 0 1.39 0.06 0.14 0.16 0.37 0.02 192 1.76
38.014 4984 0 1.41 0.05 0.15 0.16 0.35 0.02 165 1.77
38.094 4993 0 1.37 0.06 0.15 0.16 0.36 0.02 190 1.74
38.174 4993 0 1.37 0.06 0.15 0.16 0.36 0.02 190 1.74
38.254 4979 0 1.41 0.04 0.15 0.16 0.37 0.01 202 1.76
38.334 4988 0 1.43 0.04 0.15 0.16 0.36 0.01 184 1.78
38.414 4970 0 1.44 0.05 0.15 0.16 0.36 0.01 192 1.80
38.494 4993 0 1.45 0.05 0.15 0.16 0.37 0.01 196 1.81
38.574 4993 0 1.45 0.05 0.15 0.16 0.37 0.01 196 1.81
38.654 4979 0 1.45 0.05 0.15 0.16 0.36 0.01 186 1.80
38.734 4975 0 1.30 0.06 0.15 0.17 0.37 0.01 195 1.67
38.814 4988 0 1.38 0.06 0.15 0.17 0.36 0.01 187 1.76
38.894 4984 0 1.38 0.06 0.15 0.16 0.36 0.01 187 1.75
38.974 4984 0 1.38 0.06 0.15 0.16 0.36 0.01 187 1.75
39.054 4997 0 1.39 0.05 0.15 0.16 0.37 0.01 199 1.75
39.134 4984 0 1.38 0.03 0.15 0.17 0.37 0.01 196 1.73
39.214 4984 0 1.39 0.04 0.14 0.16 0.38 0.01 202 1.73
39.294 4988 0 1.43 0.05 0.15 0.16 0.36 0.01 168 1.79
39.375 4988 0 1.43 0.05 0.15 0.16 0.36 0.01 168 1.79
39.455 4957 0 1.44 0.07 0.14 0.16 0.36 0.01 189 1.81
39.535 4984 0 1.46 0.07 0.14 0.17 0.36 0.01 190 1.85
39.615 4975 0 1.47 0.07 0.14 0.16 0.37 0.01 195 1.85
39.695 4975 0 1.47 0.07 0.14 0.16 0.37 0.01 195 1.85
39.775 4984 0 1.45 0.08 0.14 0.16 0.36 0.01 180 1.82
39.855 4984 0 1.45 0.06 0.14 0.16 0.37 0.01 202 1.81
39.935 4997 0 1.43 0.07 0.14 0.16 0.37 0.01 193 1.81
40.015 4993 0 1.41 0.06 0.14 0.16 0.37 0.01 193 1.78
40.095 4993 0 1.41 0.06 0.14 0.16 0.37 0.01 193 1.78
40.175 4993 0 1.46 0.05 0.15 0.16 0.37 0.01 193 1.82
40.255 4997 0 1.46 0.05 0.15 0.16 0.37 0.01 187 1.81
40.335 4993 0 1.44 0.05 0.15 0.18 0.37 0.01 196 1.82
40.415 4988 0 1.44 0.04 0.16 0.17 0.36 0.01 184 1.82
40.495 4988 0 1.44 0.04 0.16 0.17 0.36 0.01 184 1.82
40.575 4975 0 1.42 0.03 0.15 0.17 0.37 0.01 198 1.77
40.655 4975 0 1.45 0.02 0.16 0.16 0.37 0.01 195 1.80
40.735 4988 0 1.47 0.03 0.16 0.16 0.37 0.01 196 1.82
40.815 4979 0 1.47 0.02 0.16 0.15 0.38 0.01 202 1.79
40.895 4979 0 1.47 0.02 0.16 0.15 0.38 0.01 202 1.79
40.975 4975 0 1.47 0.01 0.18 0.16 0.38 0.01 195 1.82
41.055 4970 0 1.53 0.03 0.17 0.15 0.37 0.01 189 1.87
41.135 4997 0 1.50 0.04 0.17 0.15 0.37 0.01 199 1.85
41.215 4979 0 1.14 0.04 0.16 0.15 0.37 0.01 192 1.50
41.295 4979 0 1.14 0.04 0.16 0.15 0.37 0.01 192 1.50
41.375 4997 0 1.29 0.04 0.16 0.16 0.37 0.01 193 1.65
41.455 4993 0 1.20 0.05 0.16 0.16 0.37 0.01 196 1.57
41.535 4957 0 1.29 0.06 0.17 0.16 0.37 0.01 186 1.68
41.615 4957 0 1.29 0.06 0.17 0.16 0.37 0.01 186 1.68
41.695 4957 0 1.29 0.06 0.17 0.16 0.37 0.01 186 1.68
41.775 4988 0 1.34 0.05 0.16 0.16 0.37 0.01 202 1.72
41.855 4979 0 1.35 0.05 0.16 0.16 0.37 0.01 192 1.72
41.935 4962 0 1.38 0.07 0.17 0.16 0.37 0.01 195 1.78
42.015 4962 0 1.38 0.07 0.17 0.16 0.37 0.01 195 1.78
42.096 4988 0 1.39 0.07 0.16 0.17 0.37 0.01 190 1.79
42.176 4970 0 1.38 0.06 0.16 0.17 0.37 0.01 195 1.77
42.256 4975 0 1.40 0.05 0.16 0.15 0.37 0.00 195 1.77
42.336 4988 0 1.40 0.06 0.16 0.17 0.37 0.00 187 1.80
42.416 4988 0 1.40 0.06 0.16 0.17 0.37 0.00 187 1.80
42.496 4966 0 1.40 0.07 0.16 0.17 0.37 0.01 201 1.80
42.576 4953 0 1.42 0.06 0.16 0.17 0.38 0.01 197 1.80
42.656 4975 0 1.40 0.06 0.16 0.17 0.37 0.01 189 1.80
42.736 4979 0 1.39 0.08 0.17 0.16 0.37 0.01 189 1.80
42.816 4979 0 1.39 0.08 0.17 0.16 0.37 0.01 189 1.80
42.896 4988 0 1.45 0.07 0.17 0.17 0.36 0.01 184 1.85
42.976 4962 0 1.50 0.06 0.17 0.17 0.37 0.01 192 1.89
43.056 4970 0 1.48 0.04 0.16 0.17 0.37 0.01 195 1.85
43.136 4988 0 1.48 0.05 0.17 0.17 0.37 0.01 190 1.87
43.216 4988 0 1.48 0.05 0.17 0.17 0.37 0.01 190 1.87
43.296 4984 0 1.46 0.05 0.17 0.17 0.37 0.01 202 1.84
43.376 4988 0 1.47 0.05 0.17 0.17 0.37 0.01 190 1.85
43.456 4975 0 1.43 0.04 0.16 0.17 0.37 0.01 189 1.81
43.536 4962 0 1.44 0.04 0.16 0.17 0.37 0.01 201 1.81
43.616 4962 0 1.44 0.04 0.16 0.17 0.37 0.01 201 1.81
43.696 4970 0 1.43 0.07 0.16 0.17 0.37 0.01 186 1.82
43.776 4962 0 1.41 0.07 0.16 0.16 0.37 0.01 201 1.80
43.856 4970 0 1.42 0.07 0.16 0.16 0.38 0.01 204 1.81
43.936 4970 0 1.42 0.07 0.16 0.16 0.38 0.01 204 1.81
44.016 4962 0 1.43 0.34 0.16 0.17 0.38 0.01 198 2.09
44.096 4975 0 1.36 0.27 0.16 0.16 0.38 0.01 192 1.95
44.176 4948 0 1.39 0.21 0.16 0.17 0.38 0.01 200 1.92
44.256 4962 0 1.38 0.15 0.16 0.17 0.38 0.01 195 1.86
44.336 4962 0 1.38 0.15 0.16 0.17 0.38 0.01 195 1.86
44.416 4953 0 1.38 0.13 0.15 0.16 0.38 0.01 194 1.82
44.496 4979 0 1.30 0.10 0.15 0.17 0.37 0.01 189 1.72
44.576 4948 0 1.33 0.08 0.16 0.17 0.37 0.01 191 1.74
44.657 4975 0 1.37 0.05 0.17 0.18 0.37 0.01 192 1.77
44.737 4975 0 1.37 0.05 0.17 0.18 0.37 0.01 192 1.77
44.817 4957 0 1.37 0.06 0.17 0.17 0.37 0.01 189 1.77
44.897 4970 0 1.36 0.05 0.16 0.17 0.37 0.01 198 1.74
44.977 4935 0 1.40 0.04 0.16 0.17 0.38 0.01 209 1.77
45.057 4957 0 1.39 0.04 0.16 0.16 0.37 0.01 186 1.75
45.137 4957 0 1.39 0.04 0.16 0.16 0.37 0.01 186 1.75
45.217 4993 0 1.42 0.04 0.16 0.16 0.38 0.01 202 1.78
45.297 4966 0 1.43 0.06 0.16 0.17 0.38 0.01 195 1.82
45.377 4970 0 1.42 0.08 0.16 0.16 0.37 0.01 192 1.82
45.457 4993 0 1.43 0.08 0.15 0.17 0.38 0.01 205 1.83
45.537 4993 0 1.43 0.08 0.15 0.17 0.38 0.01 205 1.83
45.617 4962 0 1.50 0.07 0.15 0.16 0.37 0.01 189 1.88
45.697 4944 0 1.52 0.07 0.15 0.16 0.38 0.01 197 1.90
45.777 4957 0 1.53 0.09 0.15 0.16 0.38 0.01 195 1.92
45.857 4957 0 1.53 0.09 0.15 0.16 0.38 0.01 195 1.92
45.937 4962 0 1.52 0.07 0.15 0.16 0.37 0.01 192 1.90
46.017 4962 0 1.46 0.07 0.16 0.16 0.38 0.01 198 1.85
46.097 4975 0 1.45 0.06 0.15 0.17 0.37 0.01 189 1.83
46.177 4984 0 1.45 0.07 0.16 0.16 0.37 0.01 199 1.84
46.257 4984 0 1.45 0.07 0.16 0.16 0.37 0.01 199 1.84
46.337 4940 0 1.46 0.06 0.16 0.17 0.38 0.01 206 1.85
46.417 4962 0 1.48 0.05 0.17 0.17 0.38 0.01 192 1.88
46.497 4953 0 1.46 0.05 0.17 0.17 0.38 0.00 194 1.85
46.577 4975 0 1.47 0.05 0.16 0.17 0.38 0.01 204 1.84
46.657 4975 0 1.47 0.05 0.16 0.17 0.38 0.01 204 1.84
46.737 4975 0 1.47 0.04 0.16 0.17 0.38 0.01 195 1.84
46.817 4966 0 1.43 0.04 0.15 0.17 0.38 0.01 192 1.79
46.897 4988 0 1.43 0.18 0.16 0.17 0.38 0.01 196 1.93
46.977 4984 0 1.41 0.13 0.16 0.17 0.36 0.01 177 1.87
47.058 4984 0 1.41 0.13 0.16 0.17 0.36 0.01 177 1.87
47.138 4979 0 1.38 0.10 0.16 0.17 0.37 0.01 195 1.81
47.218 5002 0 1.40 0.07 0.15 0.17 0.37 0.00 193 1.79
47.298 4984 0 1.39 0.07 0.15 0.16 0.36 0.00 183 1.78
47.378 4993 0 1.41 0.22 0.15 0.17 0.37 0.00 196 1.95
47.458 4993 0 1.41 0.22 0.15 0.17 0.37 0.00 196 1.95
47.538 4970 0 1.43 0.17 0.15 0.17 0.37 0.01 189 1.92
47.618 4979 0 1.41 0.11 0.15 0.16 0.37 0.01 192 1.84
47.698 4979 0 1.44 0.09 0.15 0.16 0.37 0.00 195 1.83
47.778 4979 0 1.44 0.09 0.15 0.16 0.37 0.00 195 1.83
47.858 4979 0 1.44 0.09 0.15 0.16 0.37 0.00 195 1.83
47.938 5002 0 1.45 0.06 0.15 0.17 0.37 0.00 203 1.83
48.018 4993 0 1.42 0.05 0.15 0.15 0.37 0.00 187 1.78
48.098 5002 0 1.42 0.06 0.15 0.16 0.37 0.00 193 1.79
48.178 5002 0 1.42 0.06 0.15 0.16 0.37 0.00 193 1.79
48.258 4988 0 1.44 0.04 0.15 0.16 0.37 0.01 193 1.80
48.338 4993 0 1.44 0.03 0.15 0.16 0.37 0.01 193 1.78
48.418 4953 0 1.44 0.02 0.15 0.22 0.37 0.01 197 1.83
48.498 4984 0 1.47 0.03 0.15 0.20 0.37 0.01 190 1.85
48.578 4984 0 1.47 0.03 0.15 0.20 0.37 0.01 190 1.85
48.658 4979 0 1.46 0.04 0.15 0.19 0.37 0.01 192 1.84
48.738 4957 0 1.43 0.05 0.15 0.19 0.38 0.00 201 1.82
48.818 4984 0 1.41 0.05 0.16 0.18 0.37 0.01 183 1.80
48.898 4984 0 1.41 0.06 0.16 0.17 0.37 0.00 193 1.80
48.978 4984 0 1.41 0.06 0.16 0.17 0.37 0.00 193 1.80
49.058 4979 0 1.40 0.04 0.16 0.17 0.37 0.00 195 1.76
49.138 4984 0 1.39 0.05 0.15 0.18 0.35 0.01 168 1.77
49.218 4984 0 1.38 0.04 0.15 0.17 0.36 0.01 196 1.74
49.298 4988 0 1.38 0.04 0.15 0.17 0.36 0.01 187 1.73
49.378 4988 0 1.38 0.04 0.15 0.17 0.36 0.01 187 1.73
49.458 4997 0 1.39 0.04 0.15 0.17 0.36 0.01 193 1.74
49.538 4975 0 1.44 0.05 0.16 0.17 0.36 0.01 189 1.81
49.618 5006 0 1.43 0.05 0.15 0.16 0.32 0.01 117 1.79
49.698 5006 0 1.43 0.05 0.15 0.16 0.32 0.01 117 1.79
49.778 5006 0 1.43 0.05 0.15 0.16 0.32 0.01 117 1.79
49.859 4997 0 1.44 0.06 0.15 0.17 0.33 0.01 184 1.81
49.939 4975 0 1.41 0.06 0.15 0.17 0.34 0.01 186 1.79
50.019 4970 0 1.44 0.06 0.15 0.17 0.30 0.01 107 1.81
50.099 4970 0 1.44 0.06 0.15 0.17 0.30 0.01 107 1.81
50.179 4988 0 1.45 0.05 0.15 0.17 0.32 0.00 187 1.82
50.259 4993 0 1.42 0.03 0.15 0.16 0.34 0.01 199 1.77
50.339 4957 0 1.43 0.05 0.14 0.16 0.35 0.01 198 1.78
50.419 4944 0 1.44 0.06 0.15 0.17 0.35 0.01 182 1.81
50.499 4944 0 1.44 0.06 0.15 0.17 0.35 0.01 182 1.81
50.579 4970 0 1.44 0.06 0.15 0.16 0.36 0.01 198 1.81
50.659 4984 0 1.45 0.07 0.15 0.16 0.37 0.00 196 1.83
50.739 4988 0 1.44 0.05 0.15 0.16 0.36 0.01 190 1.79
50.819 4984 0 1.45 0.07 0.15 0.16 0.37 0.01 193 1.83
50.899 4984 0 1.45 0.07 0.15 0.16 0.37 0.01 193 1.83
50.979 4984 0 1.56 0.07 0.15 0.16 0.36 0.01 187 1.94
51.059 4988 0 1.51 0.06 0.15 0.17 0.36 0.01 187 1.89
51.139 4970 0 1.50 0.05 0.15 0.17 0.37 0.01 198 1.87
51.219 4984 0 1.49 0.05 0.15 0.16 0.37 0.01 196 1.85
51.299 4984 0 1.49 0.05 0.15 0.16 0.37 0.01 196 1.85
51.379 4975 0 1.43 0.06 0.15 0.17 0.37 0.01 195 1.81
51.459 4984 0 1.44 0.04 0.15 0.17 0.37 0.01 190 1.80
51.539 4993 0 1.43 0.04 0.15 0.16 0.37 0.01 187 1.77
51.619 4993 0 1.43 0.04 0.15 0.16 0.37 0.01 187 1.77
51.699 4993 0 1.43 0.04 0.15 0.16 0.37 0.01 187 1.77
51.779 4975 0 1.42 0.04 0.14 0.16 0.36 0.01 189 1.77
51.859 4993 0 1.43 0.05 0.14 0.22 0.36 0.00 190 1.84
51.939 4988 0 1.45 0.06 0.14 0.20 0.36 0.00 184 1.84
52.019 4988 0 1.45 0.06 0.14 0.20 0.36 0.00 184 1.84
52.099 4993 0 1.45 0.05 0.14 0.19 0.36 0.01 193 1.83
52.179 4970 0 1.45 0.05 0.14 0.18 0.37 0.01 198 1.82
52.259 5002 0 1.46 0.06 0.14 0.17 0.37 0.01 190 1.83
52.339 4997 0 1.44 0.05 0.14 0.17 0.37 0.01 190 1.81
52.419 4997 0 1.44 0.05 0.14 0.17 0.37 0.01 190 1.81
52.499 4966 0 1.44 0.05 0.14 0.17 0.37 0.01 201 1.80
52.580 4966 0 1.43 0.05 0.15 0.17 0.37 0.01 189 1.79
52.660 4962 0 1.44 0.06 0.14 0.17 0.37 0.01 195 1.81
52.740 4984 0 1.46 0.05 0.15 0.16 0.37 0.01 199 1.82
52.820 4984 0 1.46 0.05 0.15 0.16 0.37 0.01 199 1.82
52.900 4957 0 1.45 0.05 0.14 0.16 0.37 0.01 189 1.80
52.980 4953 0 1.45 0.06 0.15 0.16 0.37 0.01 197 1.81
53.060 4993 0 1.43 0.05 0.15 0.16 0.37 0.00 196 1.79
53.140 4957 0 1.42 0.05 0.15 0.17 0.37 0.00 192 1.79
53.220 4957 0 1.42 0.05 0.15 0.17 0.37 0.00 192 1.79
53.300 4970 0 1.43 0.04 0.15 0.16 0.38 0.01 198 1.79
53.380 4948 0 1.44 0.04 0.15 0.16 0.37 0.00 191 1.80
53.460 4988 0 1.44 0.04 0.16 0.16 0.38 0.00 199 1.79
53.540 4979 0 1.47 0.03 0.16 0.16 0.37 0.01 192 1.81
53.620 4979 0 1.47 0.03 0.16 0.16 0.37 0.01 192 1.81
53.700 4953 0 1.43 0.03 0.15 0.16 0.37 0.01 188 1.78
53.780 4970 0 1.44 0.02 0.15 0.16 0.38 0.00 201 1.77
53.860 4957 0 1.44 0.03 0.15 0.16 0.38 0.00 198 1.78
53.940 4957 0 1.44 0.03 0.15 0.16 0.38 0.00 198 1.78
54.020 4993 0 1.42 0.06 0.16 0.16 0.38 0.01 202 1.79
54.100 4993 0 1.43 0.06 0.16 0.16 0.37 0.01 190 1.81
54.180 4966 0 1.38 0.07 0.16 0.16 0.37 0.01 195 1.76
54.260 4993 0 1.31 0.06 0.16 0.17 0.38 0.01 199 1.70
54.340 4993 0 1.31 0.06 0.16 0.17 0.38 0.01 199 1.70
54.420 4993 0 1.36 0.05 0.16 0.17 0.37 0.01 193 1.74
54.500 4979 0 1.36 0.06 0.15 0.17 0.37 0.00 192 1.75
54.580 4984 0 1.37 0.05 0.16 0.17 0.38 0.00 202 1.77
54.660 4993 0 1.38 0.06 0.16 0.16 0.37 0.00 184 1.77
54.740 4993 0 1.38 0.06 0.16 0.16 0.37 0.00 184 1.77
54.821 4975 0 1.42 0.05 0.16 0.16 0.37 0.00 195 1.79
54.901 4988 0 1.40 0.06 0.16 0.16 0.37 0.01 196 1.78
54.981 4997 0 1.40 0.07 0.16 0.15 0.37 0.01 193 1.78
55.061 4993 0 1.42 0.07 0.16 0.16 0.38 0.01 202 1.81
55.141 4993 0 1.42 0.07 0.16 0.16 0.38 0.01 202 1.81
55.221 4979 0 1.44 0.07 0.16 0.15 0.37 0.01 192 1.82
55.301 4979 0 1.42 0.06 0.16 0.16 0.38 0.01 205 1.80
55.381 4979 0 1.45 0.07 0.16 0.16 0.38 0.01 202 1.84
55.461 4966 0 1.42 0.10 0.16 0.16 0.38 0.01 195 1.84
55.541 4966 0 1.42 0.10 0.16 0.16 0.38 0.01 195 1.84
55.621 4966 0 1.42 0.09 0.16 0.17 0.38 0.01 195 1.83
55.701 4944 0 1.46 0.07 0.16 0.16 0.38 0.01 197 1.86
55.781 4966 0 1.47 0.06 0.15 0.17 0.37 0.01 186 1.85
55.861 4966 0 1.47 0.06 0.15 0.17 0.37 0.01 186 1.85
55.941 4984 0 1.46 0.07 0.15 0.17 0.37 0.01 193 1.85
56.021 4988 0 1.46 0.08 0.16 0.16 0.37 0.01 190 1.86
56.101 4975 0 1.45 0.07 0.16 0.16 0.37 0.01 195 1.84
56.181 4979 0 1.44 0.05 0.16 0.16 0.37 0.01 195 1.80
56.261 4979 0 1.44 0.05 0.16 0.16 0.37 0.01 195 1.80
56.341 4988 0 1.43 0.06 0.16 0.16 0.36 0.01 171 1.81
56.421 4957 0 1.42 0.06 0.15 0.15 0.37 0.01 198 1.79
56.501 4984 0 1.43 0.07 0.16 0.16 0.37 0.00 196 1.82
56.581 4984 0 1.45 0.06 0.14 0.16 0.36 0.01 183 1.81
56.661 4984 0 1.45 0.06 0.14 0.16 0.36 0.01 183 1.81
56.741 4979 0 1.42 0.07 0.14 0.16 0.37 0.01 195 1.79
56.821 4988 0 1.43 0.06 0.14 0.17 0.37 0.00 193 1.79
56.902 4984 0 1.41 0.04 0.14 0.16 0.37 0.00 193 1.75
56.982 4988 0 1.42 0.04 0.14 0.16 0.38 0.01 205 1.77
57.062 4988 0 1.42 0.04 0.14 0.16 0.38 0.01 205 1.77
57.142 4993 0 1.44 0.05 0.14 0.16 0.37 0.01 187 1.80
57.222 5006 0 1.44 0.05 0.15 0.16 0.37 0.01 193 1.80
57.302 4966 0 1.44 0.04 0.15 0.17 0.38 0.01 201 1.81
57.382 4970 0 1.43 0.06 0.15 0.16 0.37 0.01 186 1.80
57.462 4970 0 1.43 0.06 0.15 0.16 0.37 0.01 186 1.80
57.542 4970 0 1.44 0.06 0.16 0.16 0.35 0.01 156 1.82
57.622 4993 0 1.45 0.07 0.15 0.17 0.35 0.01 190 1.83
57.702 4979 0 1.44 0.06 0.16 0.17 0.35 0.01 183 1.82
57.782 4979 0 1.44 0.06 0.16 0.17 0.35 0.01 183 1.82
