0.000 0 0 0.00 0.00 0.00 0.00 0.00 0.00 0
0.080 0 0 0.01 0.00 0.00 0.00 0.00 0.00 0
0.160 0 0 0.02 0.00 0.00 0.00 0.00 0.00 0
0.240 0 0 0.01 0.00 0.00 0.01 0.00 0.00 0
0.320 0 0 0.02 0.00 0.00 0.01 0.00 0.00 0
0.400 0 0 0.02 0.00 0.00 0.01 0.00 0.00 0
0.480 0 0 0.02 0.00 0.00 0.01 0.00 0.00 0
0.560 0 0 0.01 0.00 0.00 0.01 0.00 0.00 0
0.640 0 0 0.02 0.00 0.00 0.01 0.00 0.00 0
0.720 0 0 0.03 0.00 0.00 0.01 0.00 0.00 0
0.800 0 0 0.03 0.00 0.00 0.01 0.00 0.00 0
0.880 0 0 0.03 0.00 0.00 0.01 0.00 0.00 0
0.960 0 0 0.03 0.00 0.00 0.01 0.00 0.00 0
1.040 0 0 0.02 0.00 0.00 0.01 0.00 0.00 0
1.120 0 0 0.02 0.00 0.00 0.01 0.00 0.00 0
1.200 0 0 0.02 0.00 0.00 0.01 0.00 0.00 0
1.280 0 0 0.01 0.00 0.00 0.00 0.00 0.00 0
1.360 0 0 0.01 0.00 0.00 0.00 0.00 0.00 0
1.440 0 0 0.00 0.00 0.00 0.00 0.01 0.00 0
1.521 0 0 0.00 0.00 0.00 0.00 0.01 0.00 0
1.601 0 0 0.00 0.00 0.00 0.00 0.01 0.00 0
1.681 0 0 0.01 0.00 0.00 0.01 0.00 0.00 0
1.761 0 0 0.02 0.00 0.00 0.01 0.00 0.00 0
1.841 0 0 0.03 0.00 0.00 0.01 0.00 0.00 0
1.921 0 0 0.03 0.00 0.00 0.01 0.00 0.00 0
2.001 0 0 0.03 0.00 0.00 0.01 0.00 0.00 0
2.081 0 0 0.02 0.00 0.00 0.01 0.00 0.00 0
2.161 0 0 0.01 0.00 0.00 0.01 0.00 0.00 0
2.241 0 0 0.02 0.00 0.00 0.01 0.00 0.00 0
2.321 0 0 0.02 0.00 0.00 0.01 0.00 0.00 0
2.401 0 0 0.03 0.00 0.00 0.01 0.00 0.00 0
2.481 0 0 0.03 0.00 0.00 0.01 0.00 0.00 0
2.561 0 0 0.03 0.01 0.00 0.01 0.00 0.00 0
2.641 0 0 0.04 0.02 0.00 0.01 0.00 0.00 0
2.721 0 0 0.04 0.02 0.00 0.01 0.00 0.00 0
2.801 0 0 0.02 0.03 0.00 0.01 0.05 0.00 0
2.881 76 0 0.02 0.02 0.00 0.01 0.05 0.00 0
2.961 2481 0 0.02 0.04 0.00 0.01 0.03 0.00 0
3.041 2446 0 0.03 0.03 0.00 0.02 0.02 0.00 0
3.121 2446 0 0.03 0.03 0.00 0.02 0.02 0.00 0
3.201 2421 0 0.03 0.02 0.00 0.01 0.01 0.00 0
3.281 2385 0 0.03 0.01 0.00 0.01 0.01 0.00 1
3.361 2413 0 0.04 0.05 0.01 0.01 0.01 0.00 1
3.441 2440 0 0.02 0.04 0.00 0.01 0.01 0.00 3
3.521 2440 0 0.02 0.04 0.00 0.01 0.01 0.00 3
3.601 2595 0 0.02 0.03 0.01 0.01 0.01 0.00 6
3.681 3043 0 0.01 0.03 0.00 0.01 0.01 0.00 4
3.761 3381 0 0.01 0.05 0.00 0.01 0.02 0.00 8
3.841 3584 0 0.02 0.03 0.00 0.01 0.02 0.00 4
3.921 3584 0 0.02 0.03 0.00 0.01 0.02 0.00 4
4.001 3846 0 0.02 0.03 0.00 0.01 0.02 0.00 7
4.081 4068 0 0.03 0.04 0.00 0.01 0.01 0.00 2
4.162 4219 0 0.02 0.02 0.00 0.02 0.01 0.00 5
4.242 4219 0 0.02 0.02 0.00 0.02 0.01 0.00 5
4.322 4337 0 0.01 0.02 0.00 0.02 0.01 0.00 3
4.402 4421 0 0.02 0.02 0.00 0.01 0.01 0.00 5
4.482 4521 0 0.01 0.02 0.00 0.01 0.01 0.00 0
4.562 4690 0 0.01 0.01 0.00 0.01 0.01 0.00 6
4.642 4690 0 0.01 0.01 0.00 0.01 0.01 0.00 6
4.722 4785 0 0.02 0.02 0.00 0.01 0.01 0.00 3
4.802 4907 0 0.03 0.01 0.00 0.01 0.01 0.00 9
4.882 5056 0 0.03 0.01 0.00 0.01 0.01 0.00 9
4.962 5297 0 0.03 0.01 0.00 0.01 0.01 0.00 10
5.042 5297 0 0.03 0.01 0.00 0.01 0.01 0.00 10
5.122 5593 0 0.03 0.00 0.00 0.01 0.02 0.00 10
5.202 5821 0 0.02 0.00 0.00 0.01 0.01 0.01 7
5.282 5938 0 0.03 0.01 0.01 0.01 0.01 0.01 7
5.362 6024 0 0.02 0.02 0.00 0.01 0.01 0.01 4
5.442 6024 0 0.02 0.02 0.00 0.01 0.01 0.01 4
5.522 6105 0 0.03 0.02 0.01 0.01 0.01 0.00 4
5.602 6150 0 0.02 0.02 0.01 0.01 0.01 0.00 4
5.682 6266 0 0.02 0.02 0.01 0.01 0.01 0.01 8
5.762 6266 0 0.03 0.12 0.01 0.01 0.02 0.00 23
5.842 6266 0 0.03 0.12 0.01 0.01 0.02 0.00 23
5.922 7003 0 0.03 0.08 0.01 0.01 0.01 0.00 4
6.002 7299 0 0.03 0.07 0.01 0.01 0.01 0.00 4
6.082 7310 0 0.04 0.05 0.01 0.01 0.01 0.00 0
6.162 7310 0 0.04 0.05 0.01 0.01 0.01 0.00 0
6.242 7310 0 0.02 0.03 0.01 0.01 0.01 0.00 4
6.322 7310 0 0.03 0.02 0.01 0.01 0.00 0.00 0
6.402 7310 0 0.03 0.01 0.00 0.01 0.01 0.00 4
6.482 7310 0 0.02 0.01 0.01 0.01 0.00 0.00 0
6.562 7310 0 0.02 0.01 0.01 0.01 0.00 0.00 0
6.642 7278 0 0.03 0.01 0.00 0.01 0.00 0.00 4
6.722 7310 0 0.02 0.00 0.00 0.01 0.00 0.00 4
6.803 7310 0 0.03 0.02 0.00 0.01 0.00 0.00 0
6.883 7310 0 0.02 0.01 0.00 0.01 0.00 0.00 4
6.963 7310 0 0.02 0.01 0.00 0.01 0.00 0.00 4
7.043 7321 0 0.02 0.01 0.00 0.01 0.00 0.00 0
7.123 7299 0 0.03 0.00 0.00 0.01 0.00 0.00 4
7.203 7321 0 0.02 0.00 0.00 0.01 0.00 0.00 0
7.283 7299 0 0.03 0.00 0.00 0.01 0.00 0.00 4
7.363 7299 0 0.03 0.00 0.00 0.01 0.00 0.00 4
7.443 7310 0 0.03 0.00 0.00 0.01 0.00 0.00 4
7.523 7299 0 0.02 0.01 0.00 0.01 0.00 0.00 4
7.603 7299 0 0.03 0.01 0.00 0.00 0.01 0.00 4
7.683 7299 0 0.03 0.01 0.00 0.00 0.00 0.00 0
7.763 7299 0 0.03 0.01 0.00 0.00 0.00 0.00 0
7.843 7321 0 0.03 0.00 0.00 0.00 0.00 0.00 0
7.923 7310 0 0.04 0.00 0.00 0.01 0.00 0.00 0
8.003 7310 0 0.04 0.01 0.00 0.01 0.00 0.00 4
8.083 7310 0 0.04 0.01 0.00 0.01 0.00 0.00 4
8.163 7310 0 0.04 0.01 0.00 0.01 0.00 0.00 4
8.243 7299 0 0.04 0.01 0.01 0.01 0.00 0.00 4
8.323 7310 0 0.04 0.02 0.01 0.01 0.00 0.00 4
8.403 7310 0 0.03 0.03 0.01 0.01 0.00 0.00 4
8.483 7310 0 0.03 0.03 0.01 0.01 0.00 0.00 4
8.563 7289 0 0.03 0.02 0.00 0.01 0.01 0.00 4
8.643 7310 0 0.03 0.02 0.00 0.01 0.01 0.00 4
8.723 7278 0 0.03 0.02 0.00 0.01 0.00 0.00 0
8.803 7310 0 0.04 0.01 0.00 0.01 0.00 0.00 4
8.883 7310 0 0.04 0.01 0.00 0.01 0.00 0.00 4
8.963 7310 0 0.04 0.02 0.00 0.01 0.00 0.00 4
9.043 7299 0 0.04 0.01 0.00 0.01 0.00 0.00 0
9.123 7299 0 0.03 0.01 0.00 0.01 0.00 0.00 4
9.203 7278 0 0.02 0.01 0.00 0.01 0.00 0.00 4
9.283 7278 0 0.02 0.01 0.00 0.01 0.00 0.00 4
9.363 7321 0 0.02 0.00 0.00 0.01 0.01 0.00 4
9.444 7310 0 0.02 0.00 0.00 0.01 0.00 0.00 0
9.524 7310 0 0.01 0.01 0.00 0.01 0.00 0.00 4
9.604 7278 0 0.02 0.01 0.00 0.01 0.00 0.00 0
9.684 7278 0 0.02 0.01 0.00 0.01 0.00 0.00 0
9.764 7310 0 0.03 0.01 0.00 0.01 0.00 0.00 0
9.844 7310 0 0.03 0.00 0.00 0.01 0.00 0.00 4
9.924 7299 0 0.03 0.00 0.00 0.01 0.00 0.00 0
10.004 7299 0 0.05 0.00 0.00 0.01 0.00 0.00 4
10.084 7299 0 0.05 0.00 0.00 0.01 0.00 0.00 4
10.164 7299 0 0.04 0.00 0.00 0.01 0.00 0.00 4
10.244 7310 0 0.04 0.00 0.00 0.00 0.00 0.00 0
10.324 7299 0 0.03 0.00 0.00 0.01 0.00 0.00 4
10.404 7299 0 0.03 0.00 0.00 0.01 0.00 0.00 4
10.484 7299 0 0.03 0.00 0.00 0.00 0.00 0.00 0
10.564 7310 0 0.02 0.00 0.00 0.01 0.00 0.00 4
10.644 7310 0 0.01 0.00 0.00 0.01 0.00 0.00 4
10.724 7299 0 0.01 0.00 0.00 0.01 0.00 0.00 4
10.804 7299 0 0.01 0.00 0.00 0.01 0.00 0.00 4
10.884 7321 0 0.01 0.00 0.00 0.01 0.00 0.00 0
10.964 7310 0 0.00 0.00 0.00 0.01 0.00 0.00 4
11.044 7310 0 0.02 0.00 0.00 0.01 0.00 0.00 4
11.124 7310 0 0.02 0.00 0.00 0.01 0.00 0.00 0
11.204 7310 0 0.02 0.00 0.00 0.01 0.00 0.00 0
11.284 7310 0 0.02 0.00 0.00 0.01 0.00 0.00 4
11.364 7310 0 0.01 0.03 0.00 0.01 0.00 0.00 0
11.444 7310 0 0.01 0.02 0.00 0.01 0.00 0.00 4
11.524 7321 0 0.00 0.01 0.00 0.01 0.00 0.00 4
11.604 7321 0 0.00 0.01 0.00 0.01 0.00 0.00 4
11.684 7321 0 0.00 0.01 0.00 0.01 0.00 0.00 0
11.764 7299 0 0.00 0.02 0.00 0.01 0.00 0.00 4
11.845 7299 0 0.01 0.01 0.00 0.01 0.00 0.00 0
11.925 7289 0 0.01 0.02 0.01 0.01 0.00 0.00 4
12.005 7289 0 0.01 0.02 0.01 0.01 0.00 0.00 4
12.085 7310 0 0.01 0.01 0.00 0.01 0.00 0.00 0
12.165 7310 0 0.00 0.01 0.00 0.01 0.00 0.00 4
12.245 7299 0 0.02 0.01 0.00 0.01 0.00 0.00 4
12.325 7299 0 0.02 0.01 0.00 0.01 0.00 0.00 4
12.405 7278 0 0.02 0.00 0.00 0.01 0.00 0.00 0
12.485 7310 0 0.03 0.00 0.00 0.01 0.00 0.00 4
12.565 7321 0 0.03 0.01 0.00 0.01 0.00 0.00 0
12.645 7310 0 0.03 0.01 0.00 0.01 0.00 0.00 4
12.725 7310 0 0.03 0.01 0.00 0.01 0.00 0.00 4
12.805 7321 0 0.04 0.01 0.00 0.01 0.00 0.00 0
12.885 7299 0 0.02 0.00 0.00 0.01 0.00 0.00 0
12.965 7289 0 0.03 0.00 0.00 0.01 0.00 0.00 4
13.045 7278 0 0.02 0.00 0.00 0.01 0.00 0.00 0
13.125 7278 0 0.02 0.00 0.00 0.01 0.00 0.00 0
13.205 7310 0 0.01 0.00 0.00 0.01 0.00 0.00 4
13.285 7310 0 0.01 0.00 0.00 0.01 0.00 0.00 4
13.365 7310 0 0.02 0.00 0.00 0.01 0.00 0.00 4
13.445 7299 0 0.03 0.00 0.00 0.01 0.01 0.00 4
13.525 7299 0 0.03 0.00 0.00 0.01 0.01 0.00 4
13.605 7310 0 0.03 0.00 0.00 0.01 0.00 0.00 0
13.685 7310 0 0.03 0.00 0.00 0.01 0.00 0.00 0
13.765 7310 0 0.03 0.00 0.00 0.01 0.00 0.00 0
13.845 7321 0 0.04 0.00 0.00 0.01 0.00 0.00 4
