0.000 0 0 0.00 0.00 0.00 0.00 0.00 0.00 0 0.00
0.080 0 0 0.01 0.00 0.00 0.00 0.00 0.00 0 0.01
0.160 0 0 0.01 0.01 0.00 0.00 0.00 0.00 0 0.02
0.240 0 0 0.02 0.01 0.00 0.00 0.00 0.00 0 0.03
0.320 0 0 0.04 0.01 0.00 0.00 0.00 0.00 0 0.05
0.400 0 0 0.04 0.01 0.00 0.00 0.00 0.00 0 0.05
0.480 0 0 0.04 0.00 0.00 0.00 0.00 0.00 0 0.04
0.560 0 0 0.04 0.00 0.00 0.00 0.00 0.00 0 0.05
0.640 0 0 0.03 0.01 0.00 0.00 0.00 0.00 0 0.04
0.720 0 0 0.03 0.01 0.00 0.00 0.00 0.00 0 0.04
0.800 0 0 0.03 0.01 0.00 0.00 0.00 0.00 0 0.04
0.880 0 0 0.03 0.02 0.01 0.00 0.00 0.00 0 0.06
0.960 0 0 0.03 0.03 0.00 0.00 0.00 0.00 0 0.06
1.040 0 0 0.03 0.03 0.01 0.00 0.00 0.00 0 0.07
1.120 0 0 0.03 0.03 0.01 0.00 0.00 0.00 0 0.07
1.200 0 0 0.04 0.03 0.00 0.00 0.00 0.00 0 0.07
1.280 0 0 0.04 0.04 0.00 0.00 0.00 0.00 0 0.08
1.360 0 0 0.05 0.05 0.00 0.00 0.00 0.00 0 0.10
1.440 0 0 0.05 0.05 0.01 0.00 0.00 0.00 0 0.10
1.521 0 0 0.05 0.05 0.01 0.00 0.00 0.00 0 0.10
1.601 0 0 0.04 0.03 0.00 0.00 0.00 0.00 0 0.08
1.681 0 0 0.03 0.02 0.01 0.00 0.01 0.00 0 0.06
1.761 0 0 0.02 0.03 0.00 0.00 0.00 0.00 0 0.05
1.841 0 0 0.03 0.02 0.00 0.00 0.00 0.00 0 0.05
1.921 0 0 0.03 0.02 0.00 0.00 0.00 0.00 0 0.05
2.001 0 0 0.02 0.02 0.01 0.00 0.00 0.00 0 0.05
2.081 0 0 0.04 0.04 0.01 0.00 0.00 0.00 0 0.09
2.161 0 0 0.03 0.03 0.01 0.00 0.00 0.00 0 0.06
2.241 0 0 0.04 0.02 0.00 0.00 0.00 0.00 0 0.07
2.321 0 0 0.04 0.02 0.00 0.00 0.00 0.00 0 0.07
2.401 0 0 0.04 0.03 0.01 0.00 0.00 0.00 0 0.08
2.481 0 0 0.04 0.02 0.00 0.00 0.00 0.00 0 0.07
2.561 0 0 0.03 0.02 0.00 0.00 0.00 0.00 0 0.06
2.641 0 0 0.03 0.03 0.01 0.00 0.00 0.00 0 0.07
2.721 0 0 0.03 0.03 0.01 0.00 0.00 0.00 0 0.07
2.801 0 0 0.03 0.03 0.00 0.00 0.00 0.00 0 0.07
2.881 0 0 0.05 0.03 0.01 0.00 0.00 0.00 0 0.09
2.961 0 0 0.03 0.02 0.00 0.00 0.00 0.00 0 0.06
3.041 0 0 0.03 0.02 0.00 0.00 0.00 0.00 0 0.06
3.121 0 0 0.03 0.02 0.00 0.00 0.00 0.00 0 0.06
3.201 0 0 0.03 0.03 0.01 0.00 0.01 0.00 0 0.07
3.281 0 0 0.02 0.02 0.01 0.00 0.01 0.00 0 0.05
3.361 0 0 0.03 0.03 0.00 0.00 0.01 0.00 0 0.06
3.441 0 0 0.03 0.03 0.00 0.00 0.01 0.00 0 0.06
3.521 0 0 0.02 0.03 0.00 0.00 0.00 0.00 0 0.05
3.601 0 0 0.03 0.02 0.01 0.00 0.00 0.00 0 0.05
3.681 0 0 0.03 0.01 0.00 0.00 0.00 0.00 0 0.05
3.761 0 0 0.03 0.01 0.00 0.00 0.00 0.00 0 0.05
3.841 0 0 0.03 0.01 0.00 0.00 0.00 0.00 0 0.05
3.921 0 0 0.03 0.01 0.00 0.00 0.00 0.00 0 0.05
4.001 0 0 0.04 0.02 0.01 0.00 0.00 0.00 0 0.06
4.081 0 0 0.04 0.02 0.00 0.01 0.00 0.00 0 0.07
4.161 0 0 0.04 0.02 0.00 0.01 0.00 0.00 0 0.06
4.241 0 0 0.04 0.02 0.00 0.01 0.00 0.00 0 0.06
4.322 0 0 0.04 0.02 0.00 0.00 0.00 0.00 0 0.07
4.402 0 0 0.03 0.02 0.00 0.01 0.00 0.00 0 0.05
4.482 0 0 0.03 0.01 0.00 0.00 0.00 0.00 0 0.05
4.562 0 0 0.02 0.02 0.00 0.00 0.00 0.00 0 0.04
4.642 0 0 0.02 0.02 0.00 0.00 0.00 0.00 0 0.04
4.722 0 0 0.01 0.03 0.00 0.00 0.00 0.00 0 0.04
4.802 0 0 0.02 0.02 0.00 0.00 0.00 0.00 0 0.04
4.882 0 0 0.03 0.01 0.00 0.00 0.00 0.00 0 0.04
4.962 0 0 0.03 0.01 0.01 0.00 0.00 0.00 0 0.05
5.042 0 0 0.03 0.01 0.01 0.00 0.00 0.00 0 0.05
5.122 0 0 0.03 0.01 0.00 0.00 0.00 0.00 0 0.04
5.202 0 0 0.02 0.00 0.00 0.00 0.00 0.00 0 0.03
5.282 0 0 0.03 0.02 0.00 0.00 0.00 0.00 0 0.05
5.362 0 0 0.03 0.02 0.00 0.00 0.00 0.00 0 0.05
5.442 0 0 0.03 0.02 0.00 0.00 0.00 0.00 0 0.05
5.522 0 0 0.02 0.01 0.01 0.00 0.00 0.00 0 0.04
5.602 0 0 0.04 0.02 0.01 0.00 0.00 0.00 0 0.07
5.682 0 0 0.03 0.03 0.01 0.00 0.00 0.00 0 0.06
5.762 0 0 0.03 0.03 0.01 0.00 0.00 0.00 0 0.06
5.842 0 0 0.03 0.03 0.01 0.00 0.00 0.00 0 0.07
5.922 0 0 0.02 0.03 0.01 0.00 0.00 0.00 0 0.06
6.002 0 0 0.03 0.02 0.01 0.00 0.00 0.00 0 0.05
6.082 0 0 0.02 0.03 0.00 0.00 0.01 0.00 0 0.05
6.162 0 0 0.02 0.03 0.00 0.00 0.01 0.00 0 0.05
6.242 0 0 0.02 0.03 0.01 0.00 0.00 0.00 0 0.06
6.322 0 0 0.03 0.02 0.00 0.00 0.00 0.00 0 0.06
6.402 0 0 0.03 0.01 0.00 0.00 0.04 0.00 0 0.05
6.482 85 0 0.02 0.01 0.00 0.01 0.03 0.00 0 0.04
6.562 85 0 0.02 0.01 0.00 0.01 0.03 0.00 0 0.04
6.642 85 0 0.01 0.01 0.00 0.00 0.04 0.00 0 0.03
6.723 333 0 0.02 0.02 0.00 0.00 0.04 0.00 1 0.04
6.803 723 0 0.02 0.02 0.00 0.01 0.04 0.00 2 0.05
6.883 778 0 0.01 0.02 0.01 0.01 0.04 0.00 4 0.04
6.963 778 0 0.01 0.02 0.01 0.01 0.04 0.00 4 0.04
7.043 872 0 0.03 0.01 0.00 0.01 0.03 0.00 2 0.05
7.123 896 0 0.02 0.01 0.00 0.01 0.03 0.00 2 0.04
7.203 909 0 0.01 0.03 0.00 0.01 0.02 0.00 1 0.06
7.283 908 0 0.01 0.03 0.00 0.01 0.03 0.00 5 0.05
7.363 908 0 0.01 0.03 0.00 0.01 0.03 0.00 5 0.05
7.443 928 0 0.03 0.02 0.00 0.01 0.03 0.01 2 0.06
7.523 936 0 0.02 0.03 0.00 0.01 0.02 0.01 1 0.06
7.603 948 0 0.10 0.02 0.00 0.01 0.02 0.01 1 0.13
7.683 948 0 0.10 0.02 0.00 0.01 0.02 0.01 1 0.13
7.763 967 0 0.07 0.01 0.00 0.01 0.02 0.00 3 0.09
7.843 981 0 0.06 0.03 0.00 0.01 0.03 0.00 3 0.11
7.923 1047 0 0.04 0.02 0.01 0.01 0.02 0.01 3 0.08
8.003 1112 0 0.05 0.03 0.01 0.01 0.02 0.00 3 0.10
8.083 1112 0 0.05 0.03 0.01 0.01 0.02 0.00 3 0.10
8.163 1153 0 0.04 0.02 0.01 0.01 0.02 0.00 1 0.07
8.243 1180 0 0.02 0.01 0.01 0.01 0.02 0.00 4 0.06
8.323 1202 0 0.09 0.01 0.02 0.01 0.02 0.00 2 0.13
8.403 1202 0 0.09 0.01 0.01 0.01 0.02 0.00 2 0.11
8.483 1202 0 0.09 0.01 0.01 0.01 0.02 0.00 2 0.11
8.563 1215 0 0.13 0.02 0.01 0.01 0.02 0.00 3 0.17
8.643 1215 0 0.10 0.02 0.01 0.00 0.02 0.00 3 0.14
8.723 1219 0 0.07 0.03 0.01 0.01 0.02 0.00 2 0.12
8.803 1225 0 0.06 0.03 0.01 0.01 0.03 0.00 5 0.11
8.883 1225 0 0.06 0.03 0.01 0.01 0.03 0.00 5 0.11
8.963 1224 0 0.05 0.02 0.02 0.01 0.03 0.00 5 0.10
9.043 1270 0 0.14 0.04 0.02 0.01 0.03 0.00 5 0.20
9.123 1334 0 0.11 0.05 0.01 0.01 0.03 0.00 5 0.18
9.203 1366 0 0.10 0.04 0.01 0.01 0.03 0.00 4 0.16
9.283 1366 0 0.10 0.04 0.01 0.01 0.03 0.00 4 0.16
9.363 1453 0 0.09 0.04 0.02 0.01 0.04 0.00 7 0.15
9.443 1519 0 0.09 0.05 0.02 0.02 0.04 0.00 6 0.17
9.523 1559 0 0.08 0.05 0.01 0.01 0.04 0.00 9 0.16
9.603 1559 0 0.08 0.05 0.01 0.01 0.04 0.00 9 0.16
9.684 1559 0 0.08 0.05 0.01 0.01 0.04 0.00 9 0.16
9.764 1619 0 0.08 0.04 0.02 0.02 0.05 0.00 9 0.16
9.844 1658 0 0.08 0.03 0.01 0.01 0.04 0.00 7 0.14
9.924 1693 0 0.07 0.02 0.02 0.02 0.04 0.00 8 0.13
10.004 1693 0 0.07 0.02 0.02 0.02 0.04 0.00 8 0.13
10.084 1701 0 0.05 0.01 0.03 0.04 0.05 0.00 8 0.13
10.164 1718 0 0.07 0.02 0.02 0.03 0.06 0.00 17 0.14
10.244 1759 0 0.08 0.04 0.03 0.03 0.05 0.00 8 0.18
10.324 1786 0 0.09 0.04 0.02 0.02 0.05 0.00 9 0.18
10.404 1786 0 0.09 0.04 0.02 0.02 0.05 0.00 9 0.18
10.484 1793 0 0.11 0.04 0.03 0.03 0.04 0.00 2 0.21
10.564 1798 0 0.12 0.03 0.03 0.03 0.04 0.00 10 0.20
10.644 1792 0 0.12 0.02 0.03 0.02 0.04 0.00 9 0.18
10.724 1808 0 0.09 0.01 0.02 0.02 0.05 0.00 10 0.14
10.804 1808 0 0.09 0.01 0.02 0.02 0.05 0.00 10 0.14
10.884 1813 0 0.10 0.01 0.02 0.02 0.06 0.00 14 0.14
10.964 1873 0 0.09 0.02 0.02 0.02 0.06 0.00 10 0.15
11.044 1909 0 0.09 0.01 0.03 0.03 0.05 0.00 7 0.16
11.124 1913 0 0.15 0.02 0.02 0.03 0.05 0.01 12 0.22
11.204 1913 0 0.15 0.02 0.02 0.03 0.05 0.01 12 0.22
11.284 1971 0 0.14 0.03 0.02 0.03 0.06 0.01 17 0.22
11.364 1993 0 0.16 0.03 0.03 0.02 0.06 0.00 13 0.24
11.444 2002 0 0.23 0.02 0.03 0.03 0.05 0.00 2 0.31
11.524 2000 0 0.24 0.03 0.02 0.03 0.05 0.00 10 0.32
11.604 2000 0 0.24 0.03 0.02 0.03 0.05 0.00 10 0.32
11.684 1993 0 0.20 0.02 0.03 0.03 0.07 0.00 24 0.28
11.764 2023 0 0.23 0.01 0.04 0.04 0.06 0.01 7 0.32
11.844 2062 0 0.23 0.01 0.04 0.03 0.06 0.01 14 0.31
11.924 2062 0 0.23 0.01 0.04 0.03 0.06 0.01 14 0.31
12.004 2088 0 0.18 0.02 0.05 0.03 0.06 0.00 14 0.28
12.084 2099 0 0.15 0.02 0.05 0.03 0.06 0.01 12 0.25
12.165 2099 0 0.19 0.03 0.03 0.03 0.06 0.00 17 0.29
12.245 2120 0 0.15 0.03 0.04 0.03 0.07 0.00 18 0.25
12.325 2120 0 0.15 0.03 0.04 0.03 0.07 0.00 18 0.25
12.405 2164 0 0.17 0.03 0.03 0.04 0.07 0.00 13 0.27
12.485 2176 0 0.19 0.05 0.03 0.04 0.06 0.00 13 0.30
12.565 2179 0 0.15 0.05 0.04 0.03 0.06 0.00 15 0.27
12.645 2190 0 0.17 0.03 0.03 0.04 0.07 0.00 20 0.26
12.725 2190 0 0.17 0.03 0.03 0.04 0.07 0.00 20 0.26
12.805 2225 0 0.20 0.03 0.03 0.04 0.06 0.00 11 0.30
12.885 2249 0 0.20 0.05 0.03 0.03 0.06 0.00 15 0.31
12.965 2268 0 0.27 0.05 0.03 0.04 0.08 0.00 24 0.38
13.045 2288 0 0.25 0.04 0.03 0.04 0.07 0.00 17 0.35
13.125 2288 0 0.25 0.04 0.03 0.04 0.07 0.00 17 0.35
13.205 2317 0 0.23 0.04 0.03 0.03 0.08 0.00 24 0.34
13.285 2342 0 0.21 0.04 0.03 0.04 0.08 0.00 19 0.31
13.365 2358 0 0.22 0.04 0.03 0.04 0.08 0.00 22 0.33
13.445 2383 0 0.20 0.03 0.03 0.04 0.08 0.01 20 0.30
13.525 2383 0 0.20 0.03 0.03 0.04 0.08 0.01 20 0.30
13.605 2422 0 0.20 0.03 0.03 0.04 0.08 0.00 18 0.31
13.685 2450 0 0.21 0.03 0.04 0.04 0.08 0.00 21 0.32
13.765 2457 0 0.24 0.04 0.04 0.04 0.09 0.00 32 0.35
13.845 2457 0 0.24 0.04 0.04 0.04 0.09 0.00 32 0.35
13.925 2532 0 0.20 0.06 0.04 0.04 0.09 0.00 19 0.34
14.005 2571 0 0.21 0.04 0.04 0.04 0.09 0.00 24 0.34
14.085 2554 0 0.24 0.03 0.04 0.04 0.09 0.00 25 0.36
14.165 2568 0 0.27 0.03 0.04 0.04 0.09 0.00 24 0.38
14.245 2568 0 0.27 0.03 0.04 0.04 0.09 0.00 24 0.38
14.326 2566 0 0.26 0.02 0.04 0.05 0.09 0.00 27 0.37
14.406 2563 0 0.26 0.01 0.04 0.05 0.09 0.00 25 0.37
14.486 2635 0 0.27 0.01 0.10 0.05 0.10 0.00 31 0.42
14.566 2688 0 0.28 0.01 0.08 0.05 0.10 0.00 28 0.42
14.646 2688 0 0.28 0.01 0.08 0.05 0.10 0.00 28 0.42
14.726 2716 0 0.29 0.03 0.08 0.05 0.10 0.00 32 0.44
14.806 2731 0 0.31 0.03 0.15 0.07 0.11 0.00 35 0.57
14.886 2825 0 0.41 0.05 0.12 0.06 0.13 0.00 49 0.65
14.966 2864 0 0.39 0.04 0.11 0.07 0.13 0.00 39 0.61
15.046 2864 0 0.39 0.04 0.11 0.07 0.13 0.00 39 0.61
15.126 2943 0 0.39 0.04 0.09 0.07 0.12 0.00 34 0.60
15.206 2952 0 0.39 0.04 0.08 0.06 0.12 0.00 38 0.58
15.286 2955 0 0.37 0.03 0.07 0.06 0.12 0.00 36 0.53
15.366 2968 0 0.37 0.03 0.07 0.06 0.12 0.01 40 0.54
15.446 2968 0 0.37 0.03 0.07 0.06 0.12 0.01 40 0.54
15.526 2966 0 0.38 0.02 0.06 0.06 0.12 0.00 36 0.53
15.606 2979 0 0.45 0.01 0.06 0.06 0.12 0.00 40 0.58
15.686 3029 0 0.43 0.02 0.05 0.06 0.12 0.00 39 0.56
15.766 3029 0 0.43 0.02 0.05 0.06 0.12 0.00 39 0.56
15.846 3022 0 0.33 0.02 0.06 0.06 0.12 0.00 39 0.47
15.926 3052 0 0.36 0.01 0.06 0.06 0.13 0.00 41 0.50
16.006 3075 0 0.40 0.02 0.06 0.06 0.13 0.00 42 0.54
16.086 3108 0 0.41 0.03 0.06 0.06 0.13 0.00 42 0.56
16.166 3108 0 0.41 0.03 0.06 0.06 0.13 0.00 42 0.56
16.246 3120 0 0.41 0.03 0.06 0.07 0.13 0.00 48 0.57
16.327 3137 0 0.43 0.03 0.06 0.09 0.15 0.00 56 0.61
16.407 3194 0 0.44 0.03 0.06 0.08 0.14 0.00 45 0.62
16.487 3202 0 0.45 0.04 0.07 0.08 0.14 0.00 47 0.64
16.567 3202 0 0.45 0.04 0.07 0.08 0.14 0.00 47 0.64
16.647 3204 0 0.47 0.02 0.07 0.06 0.15 0.00 53 0.62
16.727 3229 0 0.53 0.04 0.07 0.07 0.14 0.00 46 0.71
16.807 3243 0 0.52 0.04 0.07 0.07 0.15 0.00 52 0.70
16.887 3261 0 0.47 0.04 0.07 0.07 0.15 0.00 52 0.65
16.967 3261 0 0.47 0.04 0.07 0.07 0.15 0.00 52 0.65
17.047 3271 0 0.49 0.04 0.07 0.07 0.15 0.00 52 0.68
17.127 3339 0 0.52 0.04 0.07 0.07 0.15 0.00 51 0.71
17.207 3333 0 0.52 0.04 0.07 0.07 0.15 0.00 55 0.70
17.287 3353 0 0.53 0.04 0.07 0.07 0.15 0.00 49 0.71
17.367 3353 0 0.53 0.04 0.07 0.07 0.15 0.00 49 0.71
17.447 3369 0 0.53 0.03 0.08 0.08 0.15 0.00 52 0.71
17.527 3380 0 0.54 0.03 0.08 0.08 0.15 0.00 50 0.73
17.607 3398 0 0.63 0.03 0.08 0.08 0.15 0.00 58 0.82
17.687 3398 0 0.63 0.03 0.08 0.08 0.15 0.00 58 0.82
17.767 3398 0 0.63 0.03 0.08 0.08 0.15 0.00 58 0.82
17.847 3487 0 0.60 0.04 0.08 0.07 0.15 0.00 58 0.78
17.927 3496 0 0.60 0.04 0.09 0.10 0.16 0.00 58 0.82
18.007 3505 0 0.58 0.02 0.08 0.10 0.16 0.00 62 0.79
18.087 3505 0 0.58 0.02 0.08 0.10 0.16 0.00 62 0.79
18.167 3540 0 0.55 0.02 0.08 0.10 0.16 0.00 61 0.74
18.247 3536 0 0.55 0.04 0.08 0.09 0.16 0.00 61 0.76
18.327 3547 0 0.56 0.02 0.08 0.10 0.16 0.00 61 0.76
18.407 3565 0 0.57 0.02 0.08 0.10 0.17 0.00 66 0.76
18.487 3565 0 0.57 0.02 0.08 0.10 0.17 0.00 66 0.76
18.567 3569 0 0.57 0.01 0.08 0.10 0.17 0.00 70 0.76
18.647 3576 0 0.50 0.01 0.08 0.10 0.17 0.00 66 0.69
18.727 3632 0 0.54 0.01 0.09 0.10 0.19 0.00 80 0.73
18.807 3618 0 0.58 0.02 0.09 0.10 0.19 0.00 73 0.78
18.887 3618 0 0.58 0.02 0.09 0.10 0.19 0.00 73 0.78
18.967 3675 0 0.59 0.02 0.09 0.10 0.18 0.00 68 0.81
19.047 3719 0 0.60 0.03 0.09 0.10 0.19 0.00 75 0.83
19.127 3736 0 0.61 0.03 0.10 0.10 0.19 0.00 76 0.84
19.207 3746 0 0.63 0.06 0.09 0.10 0.19 0.00 80 0.88
19.288 3746 0 0.63 0.06 0.09 0.10 0.19 0.00 80 0.88
19.368 3779 0 0.64 0.09 0.10 0.10 0.20 0.00 81 0.93
19.448 3852 0 0.67 0.06 0.10 0.11 0.22 0.00 104 0.94
19.528 3887 0 0.67 0.05 0.10 0.11 0.21 0.01 76 0.94
19.608 3887 0 0.67 0.05 0.10 0.11 0.21 0.01 76 0.94
19.688 3887 0 0.67 0.05 0.10 0.11 0.21 0.01 76 0.94
19.768 3978 0 0.68 0.04 0.11 0.11 0.21 0.01 93 0.94
19.848 4047 0 0.71 0.04 0.11 0.11 0.22 0.01 97 0.97
19.928 4056 0 0.75 0.04 0.11 0.12 0.22 0.01 95 1.02
20.008 4056 0 0.75 0.04 0.11 0.12 0.22 0.01 95 1.02
20.088 4038 0 0.81 0.04 0.12 0.12 0.23 0.00 102 1.08
20.168 4094 0 0.81 0.03 0.15 0.13 0.23 0.00 100 1.11
20.248 4109 0 0.81 0.02 0.14 0.13 0.23 0.00 98 1.10
20.328 4133 0 0.83 0.01 0.14 0.14 0.23 0.00 107 1.12
20.408 4133 0 0.83 0.01 0.14 0.14 0.23 0.00 107 1.12
20.488 4161 0 0.80 0.02 0.13 0.14 0.23 0.00 94 1.10
20.568 4183 0 0.81 0.01 0.13 0.13 0.23 0.00 103 1.09
20.648 4189 0 0.82 0.01 0.13 0.13 0.23 0.00 98 1.09
20.728 4161 0 0.82 0.02 0.13 0.14 0.23 0.00 97 1.11
20.808 4161 0 0.82 0.02 0.13 0.14 0.23 0.00 97 1.11
20.888 4161 0 0.82 0.03 0.13 0.14 0.23 0.00 102 1.11
20.968 4158 0 0.83 0.02 0.12 0.13 0.23 0.01 102 1.11
21.048 4174 0 0.85 0.04 0.12 0.13 0.23 0.01 100 1.15
21.128 4202 0 0.87 0.02 0.13 0.14 0.24 0.01 111 1.16
21.208 4202 0 0.87 0.02 0.13 0.14 0.24 0.01 111 1.16
21.288 4240 0 0.87 0.03 0.13 0.14 0.24 0.01 109 1.17
21.368 4250 0 0.85 0.03 0.13 0.13 0.24 0.01 107 1.15
21.448 4259 0 0.84 0.03 0.11 0.15 0.24 0.01 107 1.13
21.528 4246 0 0.85 0.04 0.12 0.14 0.25 0.00 115 1.15
21.608 4246 0 0.85 0.04 0.12 0.14 0.25 0.00 115 1.15
21.688 4263 0 0.85 0.04 0.12 0.15 0.30 0.00 180 1.17
21.768 4282 0 0.87 0.03 0.13 0.15 0.29 0.00 118 1.17
21.849 4315 0 0.86 0.04 0.13 0.15 0.28 0.00 114 1.19
21.929 4315 0 0.86 0.04 0.13 0.15 0.28 0.00 114 1.19
22.009 4335 0 0.86 0.03 0.12 0.15 0.28 0.00 125 1.16
22.089 4372 0 0.89 0.04 0.12 0.15 0.27 0.01 115 1.20
22.169 4386 0 0.89 0.03 0.13 0.16 0.26 0.01 118 1.21
22.249 4372 0 0.89 0.03 0.14 0.16 0.26 0.00 121 1.22
22.329 4372 0 0.89 0.03 0.14 0.16 0.26 0.00 121 1.22
22.409 4372 0 0.92 0.03 0.14 0.16 0.26 0.00 115 1.25
22.489 4383 0 0.90 0.04 0.14 0.16 0.26 0.01 124 1.23
22.569 4376 0 0.90 0.04 0.14 0.16 0.28 0.00 140 1.24
22.649 4435 0 0.91 0.04 0.15 0.16 0.28 0.00 128 1.26
22.729 4435 0 0.91 0.04 0.15 0.16 0.28 0.00 128 1.26
22.809 4435 0 0.92 0.04 0.15 0.16 0.28 0.01 139 1.27
22.889 4539 0 0.93 0.04 0.14 0.16 0.29 0.00 148 1.26
22.969 4539 0 0.93 0.05 0.15 0.16 0.29 0.00 131 1.30
23.049 4576 0 0.96 0.21 0.16 0.16 0.29 0.00 140 1.49
23.129 4576 0 0.96 0.21 0.16 0.16 0.29 0.00 140 1.49
23.209 4595 0 0.98 0.14 0.16 0.16 0.29 0.00 147 1.44
23.289 4599 0 0.99 0.12 0.17 0.17 0.29 0.00 138 1.45
23.369 4652 0 1.00 0.11 0.17 0.18 0.33 0.00 200 1.45
23.449 4648 0 1.03 0.09 0.17 0.18 0.33 0.00 160 1.46
23.529 4648 0 1.03 0.09 0.17 0.18 0.33 0.00 160 1.46
23.609 4699 0 1.02 0.07 0.17 0.18 0.33 0.00 159 1.45
23.689 4719 0 1.03 0.05 0.18 0.18 0.30 0.00 116 1.44
23.769 4731 0 1.03 0.03 0.18 0.18 0.30 0.00 154 1.43
23.849 4731 0 1.03 0.03 0.18 0.18 0.30 0.00 154 1.43
23.929 4727 0 1.02 0.05 0.18 0.19 0.31 0.00 159 1.45
24.009 4751 0 1.02 0.04 0.20 0.19 0.32 0.00 166 1.46
24.089 4763 0 1.06 0.04 0.20 0.19 0.32 0.00 169 1.49
24.169 4808 0 1.11 0.05 0.19 0.20 0.33 0.01 165 1.55
24.249 4808 0 1.11 0.05 0.19 0.20 0.33 0.01 165 1.55
24.329 4833 0 1.16 0.04 0.19 0.19 0.32 0.01 157 1.59
24.409 4837 0 1.15 0.04 0.19 0.19 0.28 0.01 104 1.57
24.489 4825 0 1.14 0.05 0.19 0.19 0.30 0.00 169 1.56
24.569 4888 0 1.13 0.03 0.19 0.19 0.31 0.00 165 1.55
24.649 4888 0 1.13 0.03 0.19 0.19 0.31 0.00 165 1.55
24.729 4909 0 1.15 0.05 0.19 0.20 0.32 0.00 181 1.59
24.810 4940 0 1.17 0.05 0.19 0.19 0.33 0.00 176 1.60
24.890 4909 0 1.16 0.04 0.19 0.19 0.32 0.00 163 1.57
24.970 4901 0 1.15 0.04 0.22 0.19 0.33 0.00 177 1.60
25.050 4901 0 1.15 0.04 0.22 0.19 0.33 0.00 177 1.60
25.130 4935 0 1.18 0.05 0.21 0.19 0.34 0.00 185 1.63
25.210 4988 0 1.19 0.05 0.21 0.27 0.34 0.00 181 1.71
25.290 4997 0 1.20 0.06 0.20 0.24 0.34 0.00 181 1.70
25.370 4988 0 1.24 0.04 0.20 0.23 0.33 0.00 162 1.71
25.450 4988 0 1.24 0.04 0.20 0.23 0.33 0.00 162 1.71
25.530 4988 0 1.23 0.05 0.21 0.23 0.33 0.01 177 1.72
25.610 5002 0 1.24 0.06 0.20 0.22 0.34 0.01 190 1.72
25.690 4993 0 1.23 0.09 0.20 0.19 0.34 0.00 175 1.71
25.770 4993 0 1.23 0.09 0.20 0.19 0.34 0.00 175 1.71
25.850 4948 0 1.26 0.09 0.20 0.20 0.34 0.00 179 1.75
25.930 4979 0 1.29 0.06 0.20 0.20 0.34 0.00 180 1.75
26.010 4962 0 1.26 0.04 0.14 0.20 0.33 0.00 164 1.63
26.090 4975 0 1.22 0.03 0.16 0.20 0.34 0.00 177 1.60
26.170 4975 0 1.22 0.03 0.16 0.20 0.34 0.00 177 1.60
26.250 4979 0 1.23 0.02 0.17 0.20 0.34 0.01 183 1.61
26.330 4970 0 1.23 0.03 0.18 0.20 0.33 0.01 162 1.64
26.410 4948 0 1.23 0.04 0.19 0.20 0.34 0.01 182 1.66
26.490 4984 0 1.23 0.04 0.19 0.18 0.34 0.01 177 1.65
26.570 4984 0 1.23 0.04 0.19 0.18 0.34 0.01 177 1.65
26.650 4944 0 1.21 0.04 0.19 0.19 0.34 0.00 173 1.64
26.730 4957 0 1.20 0.04 0.20 0.22 0.34 0.00 182 1.66
26.810 4962 0 1.20 0.04 0.20 0.21 0.33 0.00 164 1.65
26.890 4962 0 1.21 0.04 0.20 0.22 0.34 0.00 186 1.66
26.970 4962 0 1.21 0.04 0.20 0.22 0.34 0.00 186 1.66
27.050 5015 0 1.25 0.03 0.20 0.22 0.36 0.00 206 1.69
27.130 5130 0 1.27 0.02 0.20 0.19 0.36 0.01 201 1.69
27.210 5163 0 1.24 0.02 0.20 0.18 0.36 0.01 193 1.65
27.290 5163 0 1.28 0.03 0.20 0.19 0.36 0.00 200 1.70
27.370 5163 0 1.28 0.03 0.20 0.19 0.36 0.00 200 1.70
27.450 5144 0 1.30 0.02 0.20 0.20 0.37 0.00 199 1.72
27.530 5121 0 1.29 0.03 0.21 0.21 0.38 0.00 214 1.73
27.611 5135 0 1.30 0.04 0.21 0.21 0.37 0.00 198 1.77
27.691 5135 0 1.30 0.04 0.21 0.21 0.37 0.00 198 1.77
27.771 5135 0 1.30 0.04 0.21 0.21 0.37 0.00 198 1.77
27.851 5158 0 1.31 0.04 0.21 0.21 0.37 0.01 203 1.78
27.931 5121 0 1.33 0.04 0.21 0.18 0.37 0.01 195 1.77
28.011 5130 0 1.34 0.04 0.20 0.19 0.37 0.01 195 1.78
28.091 5130 0 1.34 0.04 0.20 0.19 0.37 0.01 195 1.78
28.171 5144 0 1.30 0.04 0.15 0.20 0.36 0.02 193 1.70
28.251 5111 0 1.30 0.04 0.17 0.21 0.37 0.01 198 1.72
28.331 5135 0 1.28 0.05 0.18 0.21 0.36 0.01 192 1.73
28.411 5121 0 1.31 0.05 0.19 0.21 0.37 0.01 198 1.75
28.491 5121 0 1.31 0.05 0.19 0.21 0.37 0.01 198 1.75
28.571 5102 0 1.24 0.05 0.19 0.21 0.36 0.01 188 1.68
28.651 5111 0 1.24 0.03 0.20 0.21 0.35 0.00 179 1.68
28.731 5038 0 1.23 0.03 0.19 0.21 0.35 0.00 189 1.67
28.811 5047 0 1.26 0.04 0.19 0.19 0.36 0.00 189 1.69
28.891 5047 0 1.26 0.04 0.19 0.19 0.36 0.00 189 1.69
28.971 5024 0 1.25 0.04 0.20 0.19 0.36 0.00 194 1.68
29.051 5028 0 1.24 0.02 0.22 0.20 0.36 0.01 182 1.68
29.131 5019 0 1.23 0.02 0.22 0.20 0.35 0.02 176 1.66
29.211 5042 0 1.25 0.01 0.21 0.20 0.35 0.01 189 1.67
29.291 5042 0 1.25 0.01 0.21 0.20 0.35 0.01 189 1.67
29.371 5028 0 1.25 0.01 0.20 0.20 0.35 0.01 182 1.66
29.451 5060 0 1.29 0.03 0.20 0.20 0.35 0.02 189 1.72
29.531 5028 0 1.26 0.05 0.20 0.21 0.35 0.01 176 1.72
29.611 5051 0 1.27 0.06 0.20 0.21 0.35 0.01 192 1.73
29.691 5051 0 1.27 0.06 0.20 0.21 0.35 0.01 192 1.73
29.771 5042 0 1.26 0.05 0.20 0.20 0.35 0.01 179 1.72
29.851 5015 0 1.27 0.03 0.21 0.21 0.35 0.01 194 1.72
29.931 5042 0 1.27 0.05 0.20 0.21 0.35 0.00 179 1.72
30.011 5042 0 1.27 0.05 0.20 0.21 0.35 0.00 179 1.72
30.091 5024 0 1.27 0.05 0.20 0.21 0.35 0.01 188 1.72
30.171 5042 0 1.20 0.03 0.20 0.21 0.35 0.00 186 1.64
30.251 5047 0 1.22 0.03 0.19 0.20 0.35 0.01 183 1.65
30.332 5033 0 1.23 0.04 0.19 0.20 0.35 0.00 179 1.66
30.412 5033 0 1.23 0.04 0.19 0.20 0.35 0.00 179 1.66
30.492 5056 0 1.22 0.05 0.19 0.20 0.35 0.00 189 1.67
30.572 5033 0 1.24 0.05 0.19 0.20 0.35 0.00 188 1.69
30.652 5033 0 1.22 0.04 0.18 0.20 0.36 0.01 191 1.65
30.732 5038 0 1.26 0.04 0.19 0.20 0.35 0.00 185 1.69
30.812 5038 0 1.26 0.04 0.19 0.20 0.35 0.00 185 1.69
30.892 5033 0 1.23 0.04 0.20 0.21 0.35 0.01 179 1.67
30.972 5042 0 1.24 0.04 0.20 0.21 0.35 0.00 186 1.68
31.052 5028 0 1.23 0.03 0.20 0.21 0.33 0.00 157 1.66
31.132 5060 0 1.22 0.02 0.20 0.20 0.34 0.02 189 1.64
31.212 5060 0 1.22 0.02 0.20 0.20 0.34 0.02 189 1.64
31.292 5060 0 1.22 0.03 0.20 0.21 0.34 0.02 183 1.65
31.372 5051 0 1.27 0.03 0.20 0.20 0.35 0.03 201 1.69
31.452 5028 0 1.29 0.05 0.20 0.20 0.35 0.02 182 1.73
31.532 5015 0 1.27 0.06 0.20 0.20 0.35 0.02 185 1.73
31.612 5015 0 1.27 0.06 0.20 0.20 0.35 0.02 185 1.73
31.692 5042 0 1.27 0.04 0.19 0.20 0.35 0.02 186 1.70
31.772 5038 0 1.29 0.05 0.20 0.20 0.36 0.01 192 1.74
31.852 5028 0 1.26 0.06 0.20 0.20 0.34 0.01 170 1.73
31.932 5028 0 1.26 0.06 0.20 0.20 0.34 0.01 170 1.73
32.012 5024 0 1.22 0.05 0.17 0.20 0.34 0.01 173 1.64
32.092 4858 0 1.19 0.04 0.18 0.20 0.35 0.01 182 1.61
32.172 4850 0 1.17 0.05 0.18 0.19 0.34 0.00 173 1.60
32.252 4854 0 1.16 0.05 0.19 0.19 0.34 0.00 164 1.59
32.332 4854 0 1.16 0.05 0.19 0.19 0.34 0.00 164 1.59
32.412 4871 0 1.13 0.06 0.19 0.20 0.33 0.00 164 1.57
32.492 4892 0 1.10 0.05 0.19 0.20 0.34 0.00 177 1.54
32.573 4935 0 1.13 0.05 0.19 0.19 0.34 0.00 179 1.55
32.653 4892 0 1.14 0.06 0.19 0.17 0.33 0.00 162 1.55
32.733 4892 0 1.14 0.06 0.19 0.17 0.33 0.00 162 1.55
32.813 4905 0 1.18 0.06 0.19 0.18 0.33 0.00 162 1.61
32.893 4888 0 1.15 0.28 0.19 0.18 0.33 0.00 171 1.80
32.973 4897 0 1.14 0.19 0.19 0.18 0.33 0.00 174 1.71
33.053 4875 0 1.15 0.14 0.19 0.19 0.33 0.00 167 1.68
33.133 4875 0 1.15 0.14 0.19 0.19 0.33 0.00 167 1.68
33.213 4879 0 1.15 0.10 0.19 0.19 0.33 0.00 168 1.62
33.293 4867 0 1.12 0.07 0.18 0.19 0.33 0.00 167 1.56
33.373 4875 0 1.11 0.06 0.19 0.19 0.33 0.00 170 1.54
33.453 4858 0 1.13 0.05 0.19 0.20 0.33 0.00 173 1.56
33.533 4858 0 1.13 0.05 0.19 0.20 0.33 0.00 173 1.56
33.613 4901 0 1.16 0.06 0.19 0.19 0.33 0.00 168 1.60
33.693 4871 0 1.14 0.07 0.19 0.19 0.33 0.00 158 1.58
33.773 4871 0 1.11 0.06 0.19 0.19 0.32 0.00 161 1.55
33.853 4871 0 1.11 0.06 0.19 0.19 0.32 0.00 161 1.55
33.933 4892 0 1.14 0.04 0.19 0.19 0.34 0.00 195 1.57
34.013 4966 0 1.16 0.04 0.19 0.20 0.35 0.00 198 1.60
34.093 5051 0 1.18 0.08 0.20 0.20 0.35 0.00 183 1.65
34.173 5051 0 1.24 0.06 0.19 0.20 0.35 0.00 183 1.70
34.253 5051 0 1.24 0.06 0.19 0.20 0.35 0.00 183 1.70
34.333 5056 0 1.24 0.06 0.19 0.20 0.35 0.00 180 1.69
34.413 5019 0 1.27 0.05 0.19 0.20 0.35 0.02 182 1.71
34.493 5015 0 1.25 0.05 0.19 0.21 0.34 0.01 166 1.69
34.573 5006 0 1.25 0.04 0.18 0.20 0.34 0.01 184 1.68
34.653 5006 0 1.25 0.04 0.18 0.20 0.34 0.01 184 1.68
34.733 5006 0 1.24 0.04 0.18 0.20 0.34 0.01 178 1.66
34.813 5002 0 1.25 0.03 0.18 0.20 0.34 0.01 184 1.66
34.893 5015 0 1.10 0.02 0.19 0.20 0.35 0.01 185 1.52
34.973 5010 0 1.21 0.01 0.20 0.21 0.35 0.00 184 1.63
35.053 5010 0 1.21 0.01 0.20 0.21 0.35 0.00 184 1.63
35.134 5010 0 1.22 0.03 0.20 0.20 0.35 0.01 181 1.66
35.214 5006 0 1.17 0.04 0.19 0.20 0.35 0.01 187 1.60
35.294 5010 0 1.20 0.02 0.19 0.20 0.35 0.01 181 1.61
35.374 5024 0 1.20 0.02 0.19 0.28 0.34 0.01 176 1.69
35.454 5024 0 1.20 0.02 0.19 0.28 0.34 0.01 176 1.69
35.534 4975 0 1.20 0.02 0.19 0.26 0.35 0.01 186 1.68
35.614 4997 0 1.22 0.04 0.19 0.23 0.34 0.01 175 1.68
35.694 4984 0 1.20 0.04 0.19 0.22 0.34 0.01 174 1.66
35.774 4984 0 1.20 0.04 0.19 0.22 0.34 0.01 174 1.66
35.854 4988 0 1.21 0.04 0.19 0.21 0.34 0.00 184 1.65
35.934 4997 0 1.18 0.04 0.19 0.20 0.34 0.00 175 1.62
36.014 4984 0 1.19 0.04 0.20 0.20 0.35 0.01 187 1.62
36.094 5002 0 1.20 0.04 0.19 0.20 0.34 0.01 175 1.63
36.174 5002 0 1.20 0.04 0.19 0.20 0.34 0.01 175 1.63
36.254 4993 0 1.19 0.03 0.19 0.20 0.35 0.00 187 1.61
36.334 5006 0 1.20 0.03 0.20 0.21 0.35 0.00 181 1.63
36.414 4997 0 1.18 0.05 0.19 0.21 0.34 0.00 178 1.62
36.494 5015 0 1.19 0.03 0.19 0.20 0.35 0.00 188 1.61
36.574 5015 0 1.19 0.03 0.19 0.20 0.35 0.00 188 1.61
36.654 4984 0 1.19 0.05 0.19 0.21 0.35 0.00 183 1.64
36.734 4993 0 1.19 0.04 0.19 0.20 0.35 0.00 181 1.63
36.814 4984 0 1.21 0.05 0.19 0.20 0.35 0.00 187 1.66
36.894 4997 0 1.21 0.05 0.19 0.21 0.35 0.00 175 1.66
36.974 4997 0 1.21 0.05 0.19 0.21 0.35 0.00 175 1.66
37.054 4993 0 1.21 0.03 0.18 0.20 0.35 0.01 187 1.63
37.134 4979 0 1.20 0.04 0.19 0.21 0.35 0.00 180 1.62
37.214 4993 0 1.19 0.04 0.19 0.21 0.35 0.00 181 1.63
37.294 4984 0 1.21 0.02 0.19 0.21 0.35 0.00 193 1.63
37.374 4984 0 1.21 0.02 0.19 0.21 0.35 0.00 193 1.63
37.455 5006 0 1.20 0.02 0.19 0.21 0.35 0.00 181 1.61
37.535 5002 0 1.23 0.01 0.19 0.21 0.35 0.01 184 1.64
37.615 4997 0 1.22 0.02 0.19 0.21 0.35 0.01 175 1.64
37.695 4997 0 1.22 0.02 0.19 0.21 0.35 0.01 175 1.64
37.775 4997 0 1.22 0.02 0.19 0.21 0.35 0.01 175 1.64
37.855 5002 0 1.22 0.03 0.19 0.20 0.35 0.00 181 1.64
37.935 4997 0 1.19 0.04 0.20 0.20 0.34 0.00 175 1.63
38.015 4997 0 1.21 0.04 0.19 0.20 0.35 0.01 193 1.64
38.095 4997 0 1.21 0.04 0.19 0.20 0.35 0.01 193 1.64
38.175 4997 0 1.21 0.04 0.19 0.19 0.35 0.01 178 1.64
38.255 4988 0 1.20 0.04 0.19 0.19 0.35 0.01 181 1.62
38.335 4997 0 1.21 0.03 0.20 0.21 0.35 0.01 181 1.64
38.415 4997 0 1.14 0.03 0.20 0.21 0.34 0.01 175 1.57
38.495 4997 0 1.14 0.03 0.20 0.21 0.34 0.01 175 1.57
38.575 4993 0 1.15 0.03 0.19 0.21 0.35 0.01 184 1.58
38.655 4988 0 1.18 0.04 0.20 0.21 0.34 0.01 174 1.62
38.735 5002 0 1.22 0.04 0.19 0.21 0.34 0.01 181 1.65
38.815 4993 0 1.25 0.04 0.19 0.21 0.34 0.01 178 1.69
38.895 4993 0 1.25 0.04 0.19 0.21 0.34 0.01 178 1.69
38.975 4997 0 1.23 0.04 0.20 0.21 0.34 0.00 178 1.67
39.055 4993 0 1.21 0.04 0.19 0.20 0.35 0.01 187 1.64
39.135 4948 0 1.21 0.03 0.20 0.21 0.34 0.00 173 1.64
39.215 4975 0 1.22 0.21 0.19 0.20 0.34 0.00 180 1.82
39.296 4975 0 1.22 0.21 0.19 0.20 0.34 0.00 180 1.82
39.376 4962 0 1.24 0.15 0.20 0.20 0.35 0.00 186 1.79
39.456 5006 0 1.22 0.10 0.20 0.18 0.34 0.00 175 1.70
39.536 4997 0 1.22 0.08 0.19 0.18 0.35 0.00 184 1.67
39.616 4988 0 1.23 0.07 0.19 0.18 0.34 0.01 177 1.67
39.696 4988 0 1.23 0.07 0.19 0.18 0.34 0.01 177 1.67
39.776 4988 0 1.20 0.05 0.20 0.19 0.34 0.00 181 1.63
39.856 4993 0 1.21 0.04 0.19 0.19 0.34 0.00 181 1.64
39.936 4997 0 1.21 0.04 0.19 0.19 0.34 0.01 178 1.63
40.016 4997 0 1.21 0.04 0.19 0.19 0.34 0.01 178 1.63
40.096 4970 0 1.23 0.04 0.20 0.19 0.35 0.01 186 1.65
40.176 4997 0 1.22 0.05 0.20 0.19 0.35 0.01 178 1.67
40.256 4997 0 1.25 0.06 0.20 0.19 0.34 0.01 172 1.71
40.336 4997 0 1.24 0.05 0.20 0.20 0.34 0.01 184 1.70
40.416 4997 0 1.24 0.05 0.20 0.20 0.34 0.01 184 1.70
40.496 4984 0 1.22 0.05 0.19 0.20 0.34 0.00 171 1.66
40.576 4993 0 1.20 0.03 0.19 0.20 0.34 0.00 187 1.63
40.656 4997 0 1.21 0.04 0.19 0.20 0.34 0.00 175 1.64
40.736 4997 0 1.21 0.02 0.19 0.20 0.33 0.00 153 1.63
40.816 4997 0 1.21 0.02 0.19 0.20 0.33 0.00 153 1.63
40.896 4988 0 1.21 0.04 0.20 0.20 0.33 0.00 177 1.65
40.976 4993 0 1.18 0.05 0.20 0.20 0.33 0.04 178 1.63
41.056 4975 0 1.18 0.05 0.20 0.20 0.34 0.03 186 1.63
41.136 4966 0 1.19 0.05 0.19 0.21 0.34 0.02 174 1.63
41.216 4966 0 1.19 0.05 0.19 0.21 0.34 0.02 174 1.63
41.296 5006 0 1.17 0.04 0.19 0.21 0.34 0.01 181 1.61
41.376 4997 0 1.18 0.03 0.19 0.20 0.35 0.01 187 1.61
41.456 4997 0 1.21 0.03 0.19 0.21 0.35 0.01 181 1.63
41.536 4979 0 1.19 0.02 0.19 0.20 0.35 0.01 189 1.61
41.616 4979 0 1.19 0.02 0.19 0.20 0.35 0.01 189 1.61
41.697 4988 0 1.20 0.02 0.21 0.20 0.35 0.01 177 1.62
41.777 4993 0 1.15 0.01 0.20 0.20 0.35 0.01 181 1.56
41.857 4997 0 1.17 0.02 0.20 0.20 0.35 0.01 184 1.60
41.937 4997 0 1.17 0.02 0.20 0.20 0.35 0.01 184 1.60
42.017 4997 0 1.17 0.03 0.20 0.20 0.34 0.00 169 1.60
42.097 4993 0 1.17 0.14 0.20 0.20 0.34 0.00 184 1.71
42.177 4984 0 1.20 0.11 0.19 0.20 0.35 0.00 193 1.70
42.257 4988 0 1.19 0.10 0.20 0.20 0.35 0.00 177 1.68
42.337 4988 0 1.19 0.10 0.20 0.20 0.35 0.00 177 1.68
42.417 4993 0 1.21 0.07 0.20 0.21 0.35 0.00 184 1.68
42.497 5002 0 1.18 0.05 0.20 0.21 0.35 0.00 181 1.64
42.577 4997 0 1.18 0.06 0.20 0.21 0.35 0.00 187 1.64
42.657 4997 0 1.19 0.06 0.20 0.21 0.35 0.00 175 1.66
42.737 4997 0 1.19 0.06 0.20 0.21 0.35 0.00 175 1.66
42.817 4984 0 1.18 0.11 0.20 0.20 0.35 0.00 183 1.68
42.897 4997 0 1.22 0.10 0.20 0.20 0.35 0.00 181 1.71
42.977 5006 0 1.22 0.07 0.20 0.20 0.34 0.00 178 1.68
43.057 5002 0 1.19 0.06 0.20 0.20 0.35 0.00 187 1.65
43.137 5002 0 1.19 0.06 0.20 0.20 0.35 0.00 187 1.65
43.217 5006 0 1.21 0.05 0.20 0.21 0.35 0.00 178 1.66
43.297 5002 0 1.27 0.06 0.20 0.22 0.34 0.00 175 1.75
43.377 4997 0 1.26 0.05 0.20 0.21 0.35 0.00 190 1.73
43.457 4993 0 1.24 0.05 0.20 0.21 0.34 0.00 175 1.69
43.537 4993 0 1.24 0.05 0.20 0.21 0.34 0.00 175 1.69
43.617 5006 0 1.23 0.05 0.20 0.21 0.35 0.00 187 1.69
43.697 4997 0 1.23 0.06 0.19 0.21 0.35 0.00 178 1.69
43.777 4988 0 1.21 0.05 0.19 0.20 0.34 0.00 177 1.66
43.857 0 0 1.21 6.59 1.61 1.73 1.20 0.99 0 11.14
43.937 0 0 1.21 6.59 1.61 1.73 1.20 0.99 0 11.14
44.017 5002 0 1.20 4.49 1.16 1.24 0.93 0.67 184 8.09
44.097 4997 0 1.19 3.08 0.85 0.92 0.74 0.46 181 6.04
44.178 4997 0 1.21 2.10 0.64 0.70 0.61 0.32 175 4.65
44.258 4997 0 1.21 2.10 0.64 0.70 0.61 0.32 175 4.65
44.338 4997 0 1.20 1.46 0.50 0.54 0.52 0.22 172 3.69
44.418 4997 0 1.24 1.00 0.40 0.44 0.47 0.15 184 3.08
44.498 4997 0 1.22 0.68 0.34 0.40 0.43 0.11 181 2.64
44.578 4988 0 1.20 0.48 0.29 0.33 0.41 0.07 187 2.29
44.658 4988 0 1.20 0.48 0.29 0.33 0.41 0.07 187 2.29
44.738 4988 0 1.19 0.34 0.25 0.29 0.39 0.05 181 2.07
44.818 4993 0 1.17 0.25 0.23 0.26 0.37 0.03 181 1.92
44.898 4997 0 1.19 0.18 0.23 0.24 0.37 0.02 184 1.84
44.978 4997 0 1.18 0.14 0.22 0.23 0.36 0.02 178 1.77
45.058 4997 0 1.18 0.14 0.22 0.23 0.36 0.02 178 1.77
45.138 4988 0 1.18 0.12 0.22 0.22 0.35 0.01 174 1.74
45.218 4970 0 1.19 0.11 0.21 0.22 0.35 0.01 186 1.73
45.298 4975 0 1.18 0.08 0.20 0.22 0.35 0.01 177 1.69
45.378 4979 0 1.22 0.06 0.21 0.21 0.35 0.01 177 1.69
45.458 4979 0 1.22 0.06 0.21 0.21 0.35 0.01 177 1.69
45.538 4997 0 1.20 0.04 0.21 0.21 0.34 0.00 178 1.66
45.618 4970 0 1.07 0.05 0.21 0.22 0.35 0.00 183 1.54
45.698 4997 0 1.13 0.05 0.20 0.22 0.35 0.01 184 1.59
45.778 4997 0 1.13 0.05 0.20 0.22 0.35 0.01 184 1.59
45.858 4997 0 1.13 0.05 0.20 0.22 0.35 0.01 184 1.59
45.938 4970 0 1.15 0.07 0.20 0.22 0.35 0.00 177 1.64
46.018 5002 0 1.17 0.06 0.20 0.21 0.34 0.01 178 1.64
46.098 4997 0 1.18 0.04 0.20 0.21 0.34 0.00 181 1.63
46.178 4997 0 1.18 0.04 0.20 0.21 0.34 0.00 181 1.63
46.258 5002 0 1.19 0.04 0.20 0.22 0.34 0.00 181 1.65
46.338 4997 0 1.21 0.04 0.19 0.21 0.34 0.00 175 1.65
46.418 4997 0 1.21 0.04 0.19 0.21 0.34 0.00 178 1.65
46.498 4984 0 1.20 0.05 0.19 0.21 0.34 0.01 180 1.65
46.578 4984 0 1.20 0.05 0.19 0.21 0.34 0.01 180 1.65
46.658 5002 0 1.20 0.06 0.19 0.21 0.35 0.03 184 1.66
46.738 4997 0 1.21 0.07 0.19 0.21 0.34 0.02 175 1.67
46.818 4984 0 1.19 0.04 0.20 0.21 0.34 0.01 174 1.64
46.898 4988 0 1.19 0.06 0.19 0.21 0.34 0.01 184 1.64
46.979 4988 0 1.19 0.06 0.19 0.21 0.34 0.01 184 1.64
47.059 5002 0 1.13 0.06 0.19 0.20 0.34 0.01 175 1.59
47.139 4975 0 1.14 0.06 0.19 0.20 0.33 0.01 156 1.60
47.219 4997 0 1.19 0.04 0.20 0.20 0.33 0.01 184 1.63
47.299 4988 0 1.17 0.06 0.20 0.21 0.33 0.01 174 1.64
47.379 4988 0 1.17 0.06 0.20 0.21 0.33 0.01 174 1.64
47.459 5002 0 1.18 0.06 0.19 0.21 0.34 0.01 181 1.64
47.539 4993 0 1.21 0.05 0.20 0.21 0.34 0.00 175 1.66
47.619 4993 0 1.18 0.03 0.20 0.21 0.32 0.00 153 1.62
47.699 4993 0 1.18 0.03 0.20 0.21 0.32 0.00 153 1.62
47.779 4993 0 1.18 0.03 0.20 0.21 0.32 0.00 153 1.62
47.859 5002 0 1.17 0.04 0.20 0.21 0.33 0.00 175 1.61
47.939 5002 0 1.17 0.04 0.20 0.21 0.33 0.00 184 1.62
48.019 5002 0 1.18 0.02 0.20 0.21 0.34 0.00 178 1.62
48.099 5002 0 1.18 0.02 0.20 0.21 0.34 0.00 178 1.62
48.179 4970 0 1.17 0.03 0.20 0.21 0.34 0.00 189 1.61
48.259 4997 0 1.19 0.07 0.19 0.21 0.34 0.01 178 1.67
48.339 4997 0 1.17 0.06 0.27 0.21 0.34 0.00 175 1.71
48.419 4984 0 1.19 0.07 0.24 0.21 0.35 0.00 187 1.71
48.499 4984 0 1.19 0.07 0.24 0.21 0.35 0.00 187 1.71
48.579 4993 0 1.19 0.07 0.23 0.21 0.34 0.00 178 1.71
48.659 4962 0 1.17 0.06 0.22 0.21 0.34 0.00 173 1.67
48.739 4984 0 1.20 0.05 0.21 0.21 0.35 0.00 187 1.67
48.819 4984 0 1.20 0.05 0.21 0.20 0.34 0.00 171 1.66
48.899 4984 0 1.20 0.05 0.21 0.20 0.34 0.00 171 1.66
48.979 4993 0 1.21 0.05 0.20 0.21 0.34 0.00 184 1.66
49.059 4966 0 1.24 0.04 0.19 0.21 0.34 0.00 180 1.69
49.139 4997 0 1.21 0.05 0.19 0.21 0.34 0.00 181 1.66
49.219 4988 0 1.22 0.05 0.19 0.21 0.35 0.00 184 1.67
49.299 4988 0 1.22 0.05 0.19 0.21 0.35 0.00 184 1.67
49.379 4975 0 1.22 0.05 0.19 0.21 0.34 0.00 174 1.67
49.459 4997 0 1.20 0.04 0.19 0.21 0.34 0.00 181 1.64
49.539 4993 0 1.18 0.04 0.19 0.20 0.35 0.01 184 1.62
49.619 4984 0 1.17 0.04 0.19 0.24 0.35 0.01 183 1.63
49.700 4984 0 1.17 0.04 0.19 0.24 0.35 0.01 183 1.63
49.780 4993 0 1.18 0.04 0.19 0.23 0.35 0.01 190 1.64
49.860 5010 0 1.19 0.03 0.20 0.22 0.34 0.01 169 1.64
49.940 4988 0 1.20 0.03 0.20 0.22 0.34 0.01 181 1.65
50.020 4988 0 1.20 0.03 0.20 0.22 0.34 0.01 181 1.65
50.100 4984 0 1.20 0.03 0.19 0.22 0.35 0.01 183 1.64
50.180 4984 0 1.17 0.02 0.19 0.21 0.34 0.00 177 1.59
50.260 5002 0 1.19 0.04 0.20 0.21 0.35 0.00 190 1.64
50.340 4984 0 1.17 0.05 0.19 0.20 0.35 0.00 180 1.62
50.420 4984 0 1.17 0.05 0.19 0.20 0.35 0.00 180 1.62
50.500 4997 0 1.16 0.21 0.20 0.21 0.35 0.00 184 1.78
50.580 4988 0 1.18 0.14 0.19 0.21 0.35 0.00 184 1.72
50.660 5002 0 1.18 0.11 0.19 0.21 0.35 0.00 178 1.69
50.740 4970 0 1.00 0.09 0.20 0.20 0.35 0.00 183 1.49
50.820 4970 0 1.00 0.09 0.20 0.20 0.35 0.00 183 1.49
50.900 4993 0 1.07 0.07 0.19 0.20 0.35 0.00 187 1.54
50.980 4988 0 1.09 0.05 0.20 0.20 0.35 0.00 177 1.54
51.060 4979 0 1.14 0.06 0.19 0.21 0.35 0.00 180 1.60
51.140 4988 0 1.14 0.05 0.19 0.21 0.34 0.00 174 1.59
51.220 4988 0 1.14 0.05 0.19 0.21 0.34 0.00 174 1.59
51.300 4997 0 1.14 0.05 0.19 0.21 0.34 0.00 181 1.59
51.380 5002 0 1.16 0.03 0.19 0.21 0.35 0.00 193 1.59
51.460 4988 0 1.16 0.05 0.20 0.22 0.35 0.00 177 1.63
51.540 4975 0 1.19 0.04 0.19 0.21 0.35 0.00 186 1.64
51.620 4975 0 1.19 0.04 0.19 0.21 0.35 0.00 186 1.64
51.700 4993 0 1.19 0.03 0.19 0.21 0.35 0.00 184 1.61
51.780 4993 0 1.16 0.03 0.19 0.22 0.35 0.00 181 1.60
51.860 4997 0 1.19 0.05 0.19 0.22 0.35 0.00 178 1.64
51.940 4997 0 1.19 0.05 0.19 0.22 0.35 0.00 178 1.64
52.020 4988 0 1.18 0.03 0.18 0.21 0.34 0.00 174 1.61
52.100 5002 0 1.19 0.05 0.18 0.22 0.35 0.00 187 1.64
52.180 4970 0 1.20 0.04 0.19 0.22 0.35 0.00 180 1.65
52.260 4988 0 1.16 0.04 0.18 0.21 0.35 0.00 184 1.60
52.340 4988 0 1.16 0.04 0.18 0.21 0.35 0.00 184 1.60
52.420 4979 0 1.15 0.04 0.19 0.21 0.34 0.00 168 1.60
52.501 4979 0 1.16 0.04 0.19 0.21 0.34 0.00 174 1.60
52.581 4984 0 1.18 0.04 0.19 0.26 0.34 0.00 183 1.66
52.661 4988 0 1.19 0.05 0.19 0.24 0.34 0.01 174 1.68
52.741 4988 0 1.19 0.05 0.19 0.24 0.34 0.01 174 1.68
52.821 4979 0 1.18 0.05 0.19 0.25 0.34 0.00 183 1.67
52.901 4997 0 1.20 0.05 0.20 0.24 0.34 0.00 175 1.68
52.981 4993 0 1.19 0.03 0.20 0.23 0.34 0.00 178 1.65
53.061 4997 0 1.20 0.02 0.20 0.23 0.35 0.01 187 1.65
53.141 4997 0 1.20 0.02 0.20 0.23 0.35 0.01 187 1.65
53.221 4979 0 1.22 0.04 0.19 0.22 0.34 0.01 171 1.66
53.301 4997 0 1.20 0.03 0.19 0.21 0.34 0.01 184 1.63
53.381 4984 0 1.20 0.03 0.19 0.21 0.35 0.00 190 1.64
53.461 4975 0 1.18 0.03 0.20 0.22 0.35 0.00 177 1.63
53.541 4975 0 1.18 0.03 0.20 0.22 0.35 0.00 177 1.63
53.621 4997 0 1.22 0.04 0.20 0.22 0.35 0.00 184 1.67
53.701 4997 0 1.21 0.02 0.19 0.21 0.35 0.00 181 1.64
53.781 4997 0 1.19 0.03 0.19 0.20 0.35 0.00 181 1.61
53.861 4997 0 1.19 0.03 0.19 0.20 0.35 0.00 181 1.61
53.941 4984 0 1.20 0.04 0.19 0.21 0.35 0.00 183 1.64
54.021 4970 0 1.20 0.03 0.19 0.20 0.35 0.00 186 1.62
54.101 4988 0 1.18 0.03 0.19 0.21 0.36 0.00 190 1.61
54.181 4975 0 1.19 0.04 0.19 0.27 0.35 0.00 180 1.68
54.261 4975 0 1.19 0.04 0.19 0.27 0.35 0.00 180 1.68
54.341 5002 0 1.16 0.04 0.19 0.25 0.35 0.00 175 1.64
54.421 4988 0 1.16 0.04 0.20 0.24 0.35 0.00 187 1.64
54.501 4997 0 1.15 0.04 0.19 0.23 0.34 0.00 172 1.61
54.581 5006 0 1.17 0.04 0.19 0.22 0.35 0.00 187 1.62
54.661 5006 0 1.17 0.04 0.19 0.22 0.35 0.00 187 1.62
54.741 4970 0 1.20 0.04 0.19 0.22 0.34 0.00 165 1.65
54.821 4993 0 1.18 0.04 0.19 0.21 0.34 0.00 178 1.62
54.901 4997 0 1.19 0.03 0.20 0.21 0.34 0.00 181 1.62
54.981 4993 0 1.19 0.02 0.19 0.20 0.34 0.01 175 1.61
55.061 4993 0 1.19 0.02 0.19 0.20 0.34 0.01 175 1.61
55.141 4997 0 1.20 0.02 0.19 0.20 0.35 0.01 193 1.62
55.221 4997 0 1.20 0.02 0.19 0.20 0.33 0.01 153 1.61
55.301 4962 0 1.19 0.02 0.19 0.21 0.34 0.01 180 1.62
55.381 4997 0 1.20 0.04 0.19 0.21 0.34 0.00 184 1.65
55.461 4997 0 1.20 0.04 0.19 0.21 0.34 0.00 184 1.65
55.541 5006 0 1.20 0.03 0.19 0.21 0.34 0.00 172 1.64
55.622 4997 0 1.18 0.03 0.19 0.21 0.34 0.01 184 1.62
55.702 4966 0 1.20 0.03 0.19 0.21 0.34 0.01 183 1.64
55.782 4966 0 1.20 0.03 0.19 0.21 0.34 0.01 183 1.64
55.862 4966 0 1.20 0.03 0.19 0.21 0.34 0.01 183 1.64
55.942 4993 0 1.21 0.02 0.19 0.21 0.35 0.01 184 1.63
56.022 4997 0 1.21 0.02 0.20 0.21 0.35 0.01 184 1.63
56.102 5002 0 1.22 0.02 0.19 0.21 0.35 0.01 184 1.65
56.182 5002 0 1.22 0.02 0.19 0.21 0.35 0.01 184 1.65
56.263 4993 0 1.23 0.02 0.19 0.20 0.35 0.00 178 1.64
56.343 4970 0 1.20 0.04 0.20 0.21 0.34 0.00 174 1.65
56.423 5002 0 1.20 0.05 0.20 0.21 0.35 0.00 190 1.67
56.503 4993 0 1.03 0.06 0.20 0.21 0.35 0.00 187 1.51
56.583 4993 0 1.03 0.06 0.20 0.21 0.35 0.00 187 1.51
56.663 4993 0 1.06 0.05 0.20 0.22 0.35 0.00 178 1.54
56.743 4988 0 0.96 0.06 0.20 0.22 0.35 0.00 187 1.44
56.823 4993 0 1.02 0.07 0.20 0.22 0.35 0.00 178 1.50
56.903 4975 0 1.07 0.04 0.20 0.21 0.35 0.00 183 1.51
56.983 4975 0 1.07 0.04 0.20 0.21 0.35 0.00 183 1.51
57.063 4997 0 1.11 0.06 0.20 0.21 0.35 0.00 184 1.57
57.143 4993 0 1.12 0.05 0.20 0.21 0.34 0.00 175 1.57
57.223 4988 0 1.15 0.03 0.20 0.21 0.35 0.01 184 1.59
57.303 4993 0 1.16 0.04 0.20 0.21 0.35 0.01 181 1.61
57.383 4993 0 1.16 0.04 0.20 0.21 0.35 0.01 181 1.61
57.463 4997 0 1.16 0.05 0.20 0.22 0.35 0.00 184 1.63
57.543 4997 0 1.18 0.03 0.20 0.22 0.35 0.00 181 1.62
57.623 4984 0 1.18 0.04 0.20 0.22 0.34 0.00 177 1.62
57.703 4993 0 1.22 0.04 0.20 0.22 0.34 0.00 175 1.68
57.783 4993 0 1.22 0.04 0.20 0.22 0.34 0.00 175 1.68
57.863 5002 0 1.26 0.05 0.20 0.22 0.34 0.01 178 1.72
57.943 4993 0 1.22 0.05 0.21 0.21 0.34 0.01 184 1.68
58.023 4997 0 1.22 0.04 0.21 0.22 0.34 0.01 181 1.69
58.103 4997 0 1.22 0.04 0.21 0.22 0.34 0.01 181 1.69
58.183 4979 0 1.20 0.07 0.20 0.21 0.35 0.00 180 1.68
58.263 4993 0 1.19 0.06 0.20 0.21 0.35 0.00 187 1.67
58.343 4984 0 1.19 0.05 0.20 0.22 0.34 0.01 174 1.66
58.424 4979 0 1.19 0.06 0.19 0.21 0.33 0.00 156 1.66
58.504 4979 0 1.19 0.06 0.19 0.21 0.33 0.00 156 1.66
58.584 4966 0 1.22 0.07 0.20 0.22 0.34 0.00 186 1.70
58.664 4984 0 1.19 0.04 0.19 0.21 0.34 0.00 177 1.65
58.744 4993 0 1.24 0.03 0.20 0.21 0.34 0.00 187 1.68
58.824 4979 0 1.24 0.03 0.20 0.21 0.34 0.00 177 1.69
58.904 4979 0 1.24 0.03 0.20 0.21 0.34 0.00 177 1.69
58.984 4988 0 1.21 0.04 0.20 0.21 0.34 0.00 171 1.65
59.064 4988 0 1.23 0.02 0.19 0.21 0.35 0.00 196 1.66
59.144 4993 0 1.25 0.04 0.19 0.20 0.34 0.00 175 1.69
59.224 4988 0 1.25 0.04 0.19 0.21 0.35 0.03 196 1.69
59.304 4988 0 1.25 0.04 0.19 0.21 0.35 0.03 196 1.69
59.384 4970 0 1.26 0.03 0.21 0.21 0.35 0.02 180 1.70
59.464 4988 0 1.22 0.02 0.20 0.21 0.35 0.01 181 1.65
59.544 4993 0 1.24 0.03 0.20 0.21 0.35 0.02 184 1.68
59.624 4975 0 1.23 0.03 0.19 0.21 0.35 0.01 174 1.67
59.704 4975 0 1.23 0.03 0.19 0.21 0.35 0.01 174 1.67
59.784 4970 0 1.21 0.02 0.19 0.21 0.35 0.01 183 1.64
59.864 4975 0 1.23 0.03 0.20 0.21 0.35 0.01 186 1.67
59.944 4970 0 1.18 0.03 0.20 0.21 0.35 0.01 174 1.62
60.024 4970 0 1.18 0.03 0.20 0.21 0.35 0.01 174 1.62
60.104 4962 0 1.20 0.02 0.20 0.21 0.35 0.01 186 1.63
60.184 4953 0 1.21 0.04 0.20 0.21 0.35 0.01 176 1.65
60.264 4988 0 1.20 0.03 0.19 0.21 0.35 0.00 184 1.62
60.344 4997 0 1.20 0.02 0.20 0.21 0.35 0.00 187 1.63
60.424 4997 0 1.20 0.02 0.20 0.21 0.35 0.00 187 1.63
60.504 4970 0 1.22 0.05 0.20 0.22 0.35 0.00 174 1.68
60.584 4979 0 1.20 0.05 0.20 0.21 0.35 0.00 189 1.65
60.664 4988 0 1.22 0.04 0.22 0.21 0.35 0.01 181 1.69
60.744 4944 0 1.19 0.03 0.21 0.22 0.35 0.00 188 1.65
60.824 4944 0 1.19 0.03 0.21 0.22 0.35 0.00 188 1.65
60.904 4997 0 1.18 0.02 0.20 0.22 0.36 0.00 187 1.63
60.984 4979 0 1.19 0.01 0.20 0.21 0.35 0.00 180 1.62
61.064 4975 0 1.17 0.02 0.21 0.21 0.35 0.00 186 1.62
61.144 4997 0 1.16 0.03 0.21 0.21 0.36 0.00 202 1.61
61.224 4997 0 1.16 0.03 0.21 0.21 0.36 0.00 202 1.61
61.304 4984 0 1.18 0.03 0.21 0.21 0.36 0.00 187 1.62
61.384 4993 0 1.18 0.03 0.20 0.21 0.36 0.00 187 1.62
61.464 4984 0 1.21 0.05 0.20 0.21 0.36 0.01 190 1.67
61.544 4984 0 0.99 0.05 0.20 0.22 0.36 0.01 190 1.45
61.625 4984 0 0.99 0.05 0.20 0.22 0.36 0.01 190 1.45
61.705 4984 0 1.08 0.04 0.20 0.21 0.37 0.01 199 1.54
61.785 4984 0 1.12 0.04 0.20 0.21 0.36 0.01 180 1.57
61.865 4988 0 1.14 0.04 0.20 0.21 0.36 0.01 187 1.58
