0.000 0 0 0.00 0.00 0.00 0.00 0.00 0.00 0
0.080 0 0 0.01 0.00 0.00 0.00 0.00 0.00 0
0.160 0 0 0.01 0.00 0.01 0.00 0.00 0.00 0
0.240 0 0 0.01 0.00 0.01 0.00 0.00 0.00 0
0.320 0 0 0.02 0.00 0.01 0.00 0.00 0.00 0
0.400 0 0 0.02 0.00 0.01 0.00 0.00 0.00 0
0.480 0 0 0.02 0.00 0.01 0.00 0.00 0.00 0
0.560 0 0 0.01 0.00 0.01 0.00 0.00 0.00 0
0.640 0 0 0.01 0.00 0.01 0.00 0.00 0.00 0
0.720 0 0 0.02 0.01 0.01 0.00 0.00 0.00 0
0.800 0 0 0.03 0.01 0.01 0.00 0.00 0.00 0
0.880 0 0 0.02 0.01 0.01 0.00 0.00 0.00 0
0.960 0 0 0.02 0.01 0.01 0.00 0.00 0.00 0
1.040 0 0 0.02 0.01 0.01 0.00 0.00 0.00 0
1.120 0 0 0.01 0.02 0.01 0.00 0.00 0.00 0
1.200 0 0 0.01 0.01 0.01 0.00 0.00 0.00 0
1.280 0 0 0.02 0.01 0.01 0.00 0.00 0.00 0
1.361 0 0 0.02 0.01 0.01 0.00 0.00 0.00 0
1.441 0 0 0.01 0.01 0.01 0.00 0.00 0.00 0
1.521 0 0 0.02 0.00 0.01 0.00 0.00 0.00 0
1.601 0 0 0.03 0.00 0.01 0.00 0.00 0.00 0
1.681 0 0 0.03 0.00 0.01 0.00 0.00 0.00 0
1.761 0 0 0.03 0.00 0.01 0.00 0.00 0.00 0
1.841 0 0 0.03 0.00 0.01 0.00 0.00 0.00 0
1.921 0 0 0.04 0.01 0.01 0.00 0.00 0.00 0
2.001 0 0 0.02 0.01 0.01 0.00 0.00 0.00 0
2.081 0 0 0.03 0.01 0.01 0.00 0.00 0.00 0
2.161 0 0 0.03 0.01 0.01 0.00 0.00 0.00 0
2.241 0 0 0.03 0.00 0.01 0.00 0.00 0.00 0
2.321 0 0 0.03 0.00 0.01 0.00 0.00 0.00 0
2.401 0 0 0.04 0.00 0.01 0.00 0.00 0.00 0
2.481 0 0 0.02 0.00 0.01 0.00 0.00 0.00 0
2.561 0 0 0.02 0.00 0.01 0.00 0.00 0.00 0
2.641 0 0 0.02 0.00 0.01 0.00 0.00 0.00 0
2.721 0 0 0.01 0.00 0.01 0.00 0.00 0.00 0
2.801 0 0 0.02 0.01 0.01 0.00 0.00 0.00 0
2.881 0 0 0.01 0.01 0.01 0.00 0.00 0.00 0
2.961 0 0 0.01 0.01 0.01 0.00 0.00 0.00 0
3.041 0 0 0.01 0.01 0.01 0.00 0.00 0.00 0
3.121 0 0 0.03 0.00 0.01 0.00 0.00 0.00 0
3.201 0 0 0.03 0.02 0.01 0.00 0.00 0.00 0
3.281 0 0 0.03 0.02 0.01 0.00 0.00 0.00 0
3.361 0 0 0.03 0.02 0.01 0.00 0.00 0.00 0
3.441 0 0 0.02 0.01 0.01 0.00 0.00 0.00 0
3.521 0 0 0.03 0.01 0.01 0.00 0.00 0.00 0
3.601 0 0 0.03 0.00 0.01 0.00 0.00 0.00 0
3.681 0 0 0.03 0.00 0.01 0.00 0.00 0.00 0
3.761 0 0 0.03 0.00 0.01 0.00 0.01 0.00 0
3.841 0 0 0.04 0.00 0.01 0.00 0.00 0.00 0
3.921 0 0 0.02 0.00 0.01 0.00 0.00 0.00 0
4.001 0 0 0.02 0.00 0.01 0.00 0.00 0.00 0
4.081 0 0 0.02 0.00 0.01 0.00 0.00 0.00 0
4.161 0 0 0.01 0.00 0.01 0.00 0.00 0.00 0
4.241 0 0 0.02 0.00 0.01 0.00 0.00 0.00 0
4.321 0 0 0.01 0.00 0.01 0.00 0.00 0.00 0
4.401 0 0 0.01 0.01 0.01 0.00 0.00 0.00 0
4.481 0 0 0.01 0.01 0.01 0.00 0.00 0.00 0
4.561 0 0 0.02 0.01 0.01 0.00 0.00 0.00 0
4.641 0 0 0.03 0.01 0.01 0.00 0.00 0.00 0
4.721 0 0 0.03 0.00 0.01 0.00 0.00 0.00 0
4.801 0 0 0.03 0.00 0.01 0.00 0.00 0.00 0
4.881 0 0 0.03 0.00 0.01 0.00 0.00 0.00 0
4.962 0 0 0.03 0.00 0.01 0.00 0.00 0.00 0
5.042 0 0 0.04 0.00 0.00 0.00 0.00 0.00 0
5.122 0 0 0.02 0.01 0.01 0.00 0.02 0.00 0
5.202 889 0 0.04 0.01 0.01 0.00 0.02 0.00 2
5.282 889 0 0.04 0.01 0.01 0.00 0.02 0.00 2
5.362 1913 0 0.05 0.01 0.01 0.00 0.01 0.01 0
5.442 1888 0 0.04 0.00 0.01 0.00 0.01 0.01 1
5.522 1871 0 0.02 0.00 0.01 0.00 0.01 0.00 1
5.602 1871 0 0.02 0.00 0.01 0.00 0.01 0.00 1
5.682 1895 0 0.02 0.00 0.01 0.00 0.01 0.00 0
5.762 1927 0 0.01 0.00 0.01 0.00 0.01 0.00 1
5.842 2010 0 0.01 0.00 0.08 0.01 0.01 0.00 1
5.922 2188 0 0.02 0.01 0.06 0.00 0.01 0.00 4
6.002 2188 0 0.02 0.01 0.06 0.00 0.01 0.00 4
6.082 2468 0 0.02 0.01 0.04 0.01 0.01 0.00 5
6.162 2811 0 0.03 0.01 0.03 0.01 0.02 0.00 7
6.242 3256 0 0.03 0.02 0.03 0.01 0.02 0.00 8
6.322 3608 0 0.03 0.02 0.03 0.01 0.03 0.00 18
6.402 3608 0 0.03 0.02 0.03 0.01 0.03 0.00 18
6.482 4021 0 0.02 0.03 0.02 0.01 0.02 0.00 5
6.562 4266 0 0.02 0.02 0.02 0.01 0.02 0.00 3
6.642 4513 0 0.01 0.01 0.01 0.01 0.02 0.00 6
6.722 4691 0 0.01 0.02 0.01 0.00 0.01 0.00 6
6.802 4691 0 0.01 0.02 0.01 0.00 0.01 0.00 6
6.882 4892 0 0.01 0.01 0.01 0.01 0.01 0.00 3
6.962 5006 0 0.02 0.01 0.01 0.02 0.01 0.00 6
7.042 5144 0 0.01 0.01 0.01 0.01 0.01 0.00 6
7.122 5290 0 0.01 0.02 0.01 0.01 0.01 0.00 6
7.202 5290 0 0.01 0.02 0.01 0.01 0.01 0.00 6
7.282 5418 0 0.02 0.02 0.01 0.01 0.01 0.00 7
7.362 5688 0 0.02 0.02 0.01 0.01 0.01 0.00 7
7.442 5830 0 0.03 0.01 0.01 0.01 0.01 0.00 4
7.522 0 0 0.02 0.01 0.00 0.01 0.98 0.94 0
7.602 0 0 0.02 0.01 0.00 0.01 0.98 0.94 0
7.682 6157 0 0.01 0.01 0.01 0.01 0.67 0.64 4
7.762 6219 0 0.02 0.00 0.01 0.01 0.45 0.44 0
7.842 6281 0 0.01 0.00 0.01 0.01 0.31 0.30 4
7.922 6281 0 0.01 0.00 0.01 0.01 0.31 0.30 4
8.002 6411 0 0.05 0.00 0.01 0.00 0.21 0.21 4
8.082 6493 0 0.04 0.00 0.01 0.01 0.15 0.14 4
8.162 6615 0 0.03 0.00 0.01 0.00 0.10 0.10 4
8.242 6663 0 0.03 0.00 0.01 0.00 0.07 0.06 4
8.323 6663 0 0.03 0.00 0.01 0.00 0.07 0.06 4
8.403 6711 0 0.04 0.00 0.01 0.00 0.05 0.04 8
8.483 6800 0 0.04 0.00 0.01 0.00 0.04 0.03 4
8.563 6884 0 0.04 0.00 0.01 0.00 0.03 0.02 4
8.643 6859 0 0.04 0.01 0.01 0.00 0.02 0.02 4
8.723 6859 0 0.04 0.01 0.01 0.00 0.02 0.02 4
8.803 6927 0 0.03 0.02 0.01 0.00 0.02 0.01 4
8.883 6910 0 0.03 0.01 0.01 0.00 0.01 0.01 4
8.963 6935 0 0.02 0.03 0.02 0.00 0.01 0.00 0
9.043 6952 0 0.04 0.02 0.01 0.00 0.01 0.00 0
9.123 6952 0 0.04 0.02 0.01 0.00 0.01 0.00 0
9.203 7058 0 0.03 0.02 0.01 0.01 0.01 0.00 4
9.283 7005 0 0.03 0.02 0.02 0.01 0.01 0.00 13
9.363 7084 0 0.02 0.02 0.01 0.01 0.01 0.00 0
9.443 7084 0 0.02 0.02 0.01 0.01 0.01 0.00 0
9.523 7084 0 0.02 0.02 0.01 0.01 0.01 0.00 0
9.603 7111 0 0.04 0.01 0.01 0.00 0.01 0.00 9
9.683 7268 0 0.04 0.01 0.01 0.01 0.01 0.00 9
9.763 7403 0 0.04 0.01 0.01 0.01 0.01 0.00 5
9.843 7403 0 0.04 0.01 0.01 0.01 0.01 0.00 5
9.923 7482 0 0.03 0.00 0.02 0.01 0.01 0.00 9
10.003 7677 0 0.02 0.00 0.02 0.01 0.01 0.00 5
10.083 7828 0 0.04 0.00 0.01 0.01 0.01 0.00 10
10.163 8007 0 0.03 0.00 0.01 0.01 0.01 0.00 10
10.243 8007 0 0.03 0.00 0.01 0.01 0.01 0.00 10
10.323 8170 0 0.02 0.00 0.01 0.01 0.01 0.00 0
10.403 8182 0 0.02 0.00 0.01 0.00 0.01 0.00 5
10.483 8170 0 0.02 0.00 0.01 0.00 0.01 0.00 5
10.563 8182 0 0.02 0.01 0.01 0.00 0.01 0.00 5
10.643 8182 0 0.02 0.01 0.01 0.00 0.01 0.00 5
10.723 8182 0 0.02 0.01 0.01 0.00 0.00 0.00 0
10.803 8182 0 0.01 0.01 0.01 0.00 0.00 0.00 5
10.883 8170 0 0.01 0.00 0.01 0.00 0.01 0.00 5
10.964 8182 0 0.01 0.00 0.01 0.00 0.00 0.00 0
11.044 8182 0 0.01 0.00 0.01 0.00 0.00 0.00 0
11.124 8182 0 0.02 0.00 0.01 0.00 0.00 0.00 0
11.204 8182 0 0.01 0.00 0.01 0.01 0.00 0.00 5
11.284 8147 0 0.02 0.00 0.01 0.01 0.00 0.00 5
11.364 8194 0 0.01 0.00 0.01 0.01 0.00 0.00 0
11.444 8194 0 0.01 0.00 0.01 0.01 0.00 0.00 0
11.524 8182 0 0.01 0.00 0.01 0.01 0.00 0.00 5
11.604 8182 0 0.02 0.00 0.01 0.00 0.00 0.00 0
11.684 8182 0 0.03 0.00 0.01 0.00 0.00 0.00 5
11.764 8182 0 0.03 0.00 0.01 0.00 0.00 0.00 5
11.844 8182 0 0.02 0.00 0.01 0.00 0.00 0.00 5
11.924 8147 0 0.01 0.00 0.01 0.00 0.00 0.00 0
12.004 8182 0 0.02 0.00 0.01 0.01 0.00 0.00 5
12.084 8182 0 0.03 0.01 0.01 0.00 0.00 0.00 0
12.164 8182 0 0.03 0.01 0.01 0.00 0.00 0.00 0
12.244 8182 0 0.02 0.01 0.01 0.00 0.00 0.00 5
12.324 8182 0 0.02 0.02 0.01 0.00 0.00 0.00 5
12.404 8182 0 0.02 0.01 0.01 0.00 0.00 0.00 0
12.484 8182 0 0.01 0.02 0.01 0.01 0.00 0.00 5
12.564 8182 0 0.01 0.02 0.01 0.01 0.00 0.00 5
12.644 8182 0 0.01 0.03 0.01 0.00 0.00 0.00 5
12.724 8194 0 0.02 0.02 0.01 0.00 0.00 0.00 5
12.804 8182 0 0.01 0.01 0.01 0.00 0.00 0.00 0
12.884 8182 0 0.02 0.01 0.01 0.00 0.01 0.00 10
12.964 8182 0 0.02 0.01 0.01 0.00 0.01 0.00 10
13.044 8182 0 0.03 0.01 0.00 0.00 0.01 0.00 5
13.124 8158 0 0.03 0.00 0.01 0.00 0.00 0.00 0
13.204 8194 0 0.02 0.00 0.01 0.00 0.00 0.00 5
13.284 8182 0 0.03 0.00 0.00 0.00 0.01 0.00 5
13.364 8182 0 0.03 0.00 0.00 0.00 0.01 0.00 5
13.444 8194 0 0.02 0.00 0.01 0.00 0.01 0.00 5
13.524 8182 0 0.01 0.00 0.01 0.00 0.01 0.00 5
13.604 8158 0 0.02 0.00 0.01 0.00 0.01 0.00 5
13.684 8158 0 0.02 0.00 0.01 0.00 0.01 0.00 5
13.764 8182 0 0.03 0.00 0.01 0.00 0.01 0.00 5
13.844 8182 0 0.03 0.01 0.01 0.00 0.01 0.00 5
13.924 8147 0 0.03 0.01 0.01 0.00 0.01 0.00 5
14.004 8182 0 0.02 0.01 0.01 0.00 0.01 0.00 5
14.084 8182 0 0.02 0.01 0.01 0.00 0.01 0.00 5
