0.000 0 0 0.00 0.00 0.00 0.00 0.00 0.00 0
0.080 0 0 0.00 0.00 0.00 0.00 0.00 0.00 0
0.160 0 0 0.00 0.01 0.01 0.00 0.00 0.00 0
0.240 0 0 0.01 0.01 0.00 0.00 0.00 0.00 0
0.320 0 0 0.02 0.01 0.00 0.00 0.00 0.00 0
0.400 0 0 0.02 0.01 0.00 0.00 0.00 0.00 0
0.480 0 0 0.01 0.00 0.00 0.00 0.00 0.00 0
0.560 0 0 0.02 0.00 0.00 0.00 0.00 0.00 0
0.640 0 0 0.03 0.00 0.00 0.00 0.00 0.00 0
0.720 0 0 0.03 0.00 0.00 0.00 0.00 0.00 0
0.800 0 0 0.03 0.00 0.00 0.00 0.00 0.00 0
0.880 0 0 0.03 0.00 0.01 0.00 0.01 0.00 0
0.960 0 0 0.02 0.00 0.00 0.00 0.01 0.00 0
1.040 0 0 0.03 0.00 0.00 0.00 0.01 0.00 0
1.120 0 0 0.03 0.00 0.00 0.00 0.01 0.00 0
1.200 0 0 0.02 0.00 0.00 0.00 0.01 0.00 0
1.280 0 0 0.01 0.00 0.00 0.01 0.00 0.00 0
1.361 0 0 0.02 0.00 0.00 0.01 0.00 0.00 0
1.441 0 0 0.01 0.00 0.00 0.01 0.00 0.00 0
1.521 0 0 0.01 0.00 0.00 0.01 0.00 0.00 0
1.601 0 0 0.02 0.00 0.00 0.01 0.01 0.00 0
1.681 0 0 0.02 0.00 0.00 0.01 0.00 0.00 0
1.761 0 0 0.01 0.00 0.00 0.01 0.00 0.00 0
1.841 0 0 0.01 0.01 0.00 0.01 0.00 0.00 0
1.921 0 0 0.01 0.01 0.00 0.01 0.00 0.00 0
2.001 0 0 0.02 0.01 0.00 0.01 0.00 0.00 0
2.081 0 0 0.02 0.01 0.00 0.01 0.00 0.00 0
2.161 0 0 0.03 0.02 0.00 0.00 0.00 0.00 0
2.241 0 0 0.02 0.01 0.00 0.01 0.01 0.00 0
2.321 0 0 0.02 0.01 0.00 0.01 0.01 0.00 0
2.401 0 0 0.01 0.01 0.00 0.00 0.00 0.00 0
2.481 0 0 0.01 0.01 0.00 0.01 0.00 0.00 0
2.561 0 0 0.02 0.00 0.00 0.01 0.00 0.00 0
2.641 0 0 0.03 0.00 0.00 0.00 0.01 0.00 0
2.721 0 0 0.03 0.00 0.00 0.00 0.01 0.00 0
2.801 0 0 0.03 0.00 0.00 0.00 0.01 0.00 0
2.881 0 0 0.03 0.00 0.00 0.00 0.01 0.00 0
2.961 0 0 0.02 0.01 0.00 0.00 0.00 0.00 0
3.041 0 0 0.02 0.01 0.00 0.00 0.00 0.00 0
3.121 0 0 0.02 0.01 0.00 0.00 0.00 0.00 0
3.201 0 0 0.01 0.01 0.00 0.00 0.00 0.00 0
3.281 0 0 0.01 0.02 0.00 0.00 0.01 0.00 0
3.361 0 0 0.02 0.01 0.00 0.00 0.01 0.00 0
3.441 0 0 0.02 0.01 0.00 0.00 0.01 0.00 0
3.521 0 0 0.01 0.02 0.00 0.00 0.01 0.00 0
3.601 0 0 0.01 0.01 0.00 0.01 0.01 0.00 0
3.681 0 0 0.01 0.02 0.00 0.01 0.01 0.00 0
3.762 0 0 0.00 0.01 0.00 0.01 0.01 0.00 0
3.842 0 0 0.00 0.01 0.00 0.01 0.01 0.00 0
3.922 0 0 0.00 0.01 0.00 0.01 0.01 0.00 0
4.002 0 0 0.00 0.01 0.00 0.01 0.01 0.00 0
4.082 0 0 0.00 0.02 0.00 0.01 0.01 0.00 0
4.162 0 0 0.00 0.01 0.00 0.01 0.00 0.00 0
4.242 0 0 0.00 0.01 0.00 0.01 0.00 0.00 0
4.322 0 0 0.00 0.01 0.00 0.01 0.00 0.00 0
4.402 0 0 0.00 0.01 0.00 0.01 0.00 0.00 0
4.482 0 0 0.00 0.00 0.00 0.01 0.00 0.00 0
4.562 0 0 0.01 0.00 0.00 0.01 0.00 0.00 0
4.642 0 0 0.01 0.00 0.00 0.01 0.00 0.00 0
4.722 0 0 0.02 0.01 0.00 0.00 0.00 0.00 0
4.802 0 0 0.03 0.01 0.00 0.00 0.01 0.00 0
4.882 0 0 0.03 0.01 0.00 0.01 0.00 0.00 0
4.962 0 0 0.02 0.00 0.00 0.01 0.00 0.00 0
5.042 0 0 0.02 0.00 0.00 0.01 0.00 0.00 0
5.122 0 0 0.01 0.00 0.00 0.01 0.00 0.00 0
5.202 0 0 0.02 0.00 0.00 0.01 0.01 0.00 0
5.282 0 0 0.03 0.00 0.00 0.01 0.01 0.00 0
5.362 0 0 0.02 0.00 0.00 0.01 0.01 0.00 0
5.442 0 0 0.02 0.00 0.00 0.01 0.01 0.00 0
5.522 0 0 0.01 0.00 0.00 0.01 0.01 0.00 0
5.602 0 0 0.01 0.01 0.00 0.01 0.01 0.00 0
5.682 0 0 0.01 0.01 0.00 0.01 0.01 0.00 0
5.762 0 0 0.01 0.01 0.00 0.01 0.01 0.00 0
5.842 0 0 0.02 0.01 0.00 0.01 0.01 0.00 0
5.922 0 0 0.01 0.00 0.00 0.01 0.01 0.00 0
6.002 0 0 0.01 0.00 0.00 0.01 0.00 0.00 0
6.082 0 0 0.01 0.00 0.00 0.01 0.00 0.00 0
6.162 0 0 0.01 0.00 0.00 0.01 0.00 0.00 0
6.242 0 0 0.00 0.00 0.00 0.01 0.00 0.00 0
6.322 0 0 0.00 0.00 0.00 0.00 0.00 0.00 0
6.402 0 0 0.00 0.00 0.00 0.00 0.00 0.00 0
6.482 0 0 0.00 0.00 0.01 0.00 0.00 0.00 0
6.562 0 0 0.00 0.00 0.01 0.00 0.00 0.00 0
6.642 0 0 0.00 0.00 0.00 0.01 0.00 0.00 0
6.722 0 0 0.01 0.01 0.00 0.00 0.00 0.00 0
6.802 0 0 0.02 0.01 0.00 0.01 0.00 0.00 0
6.882 0 0 0.03 0.02 0.00 0.00 0.01 0.00 0
6.962 0 0 0.03 0.02 0.00 0.00 0.01 0.00 0
7.042 0 0 0.03 0.01 0.01 0.00 0.01 0.00 0
7.123 0 0 0.03 0.01 0.00 0.00 0.01 0.00 0
7.203 0 0 0.04 0.01 0.01 0.00 0.01 0.00 0
7.283 0 0 0.04 0.00 0.00 0.00 0.01 0.00 0
7.363 0 0 0.04 0.00 0.00 0.00 0.01 0.00 0
7.443 0 0 0.04 0.00 0.00 0.00 0.01 0.00 0
7.523 0 0 0.03 0.00 0.00 0.01 0.01 0.00 0
7.603 0 0 0.03 0.00 0.00 0.01 0.01 0.00 0
7.683 0 0 0.03 0.00 0.00 0.01 0.01 0.00 0
7.763 0 0 0.03 0.00 0.00 0.01 0.01 0.00 0
7.843 0 0 0.02 0.01 0.00 0.01 0.01 0.00 0
7.923 0 0 0.02 0.01 0.00 0.00 0.01 0.00 0
8.003 0 0 0.01 0.01 0.00 0.01 0.01 0.00 0
8.083 0 0 0.01 0.01 0.00 0.01 0.01 0.00 0
8.163 0 0 0.01 0.01 0.00 0.01 0.01 0.00 0
8.243 0 0 0.01 0.00 0.00 0.01 0.00 0.00 0
8.323 0 0 0.00 0.00 0.00 0.01 0.00 0.00 0
8.403 0 0 0.00 0.00 0.00 0.01 0.01 0.00 0
8.483 0 0 0.00 0.00 0.00 0.01 0.01 0.00 0
8.563 0 0 0.00 0.00 0.00 0.01 0.00 0.00 0
8.643 0 0 0.00 0.00 0.00 0.00 0.00 0.00 0
8.723 0 0 0.00 0.00 0.00 0.00 0.00 0.00 0
8.803 0 0 0.00 0.00 0.00 0.00 0.00 0.00 0
8.883 0 0 0.00 0.00 0.00 0.00 0.00 0.00 0
8.963 0 0 0.01 0.00 0.00 0.00 0.00 0.00 0
9.043 0 0 0.01 0.00 0.00 0.00 0.00 0.00 0
9.123 0 0 0.01 0.00 0.00 0.00 0.01 0.00 0
9.203 0 0 0.00 0.00 0.00 0.00 0.01 0.00 0
9.283 0 0 0.00 0.00 0.00 0.00 0.01 0.00 0
9.363 0 0 0.00 0.00 0.00 0.00 0.01 0.00 0
9.443 0 0 0.01 0.00 0.00 0.00 0.01 0.00 0
9.523 0 0 0.01 0.00 0.00 0.00 0.01 0.00 0
9.603 0 0 0.02 0.00 0.00 0.00 0.03 0.00 0
9.683 0 0 0.02 0.00 0.00 0.00 0.03 0.00 0
9.763 78 0 0.03 0.01 0.00 0.00 0.05 0.00 1
9.843 78 0 0.02 0.01 0.01 0.00 0.06 0.00 1
9.923 769 0 0.25 0.01 0.00 0.01 0.06 0.00 4
10.003 931 0 0.17 0.02 0.00 0.00 0.04 0.00 0
10.084 931 0 0.17 0.02 0.00 0.00 0.04 0.00 0
10.164 933 0 0.12 0.02 0.00 0.00 0.03 0.00 0
10.244 921 0 0.13 0.02 0.00 0.00 0.02 0.00 1
10.324 919 0 0.11 0.02 0.01 0.00 0.02 0.00 1
10.404 919 0 0.11 0.02 0.01 0.00 0.02 0.00 1
10.484 930 0 0.10 0.02 0.00 0.02 0.01 0.01 1
10.564 930 0 0.07 0.02 0.01 0.04 0.02 0.01 2
10.644 945 0 0.06 0.03 0.00 0.02 0.02 0.00 2
10.724 989 0 0.05 0.03 0.01 0.02 0.02 0.00 3
10.804 989 0 0.05 0.03 0.01 0.02 0.02 0.00 3
10.884 1012 0 0.05 0.05 0.01 0.01 0.02 0.00 2
10.964 1042 0 0.05 0.04 0.01 0.01 0.02 0.00 2
11.044 1080 0 0.04 0.04 0.01 0.01 0.02 0.00 3
11.124 1118 0 0.04 0.03 0.01 0.01 0.02 0.00 3
11.204 1118 0 0.04 0.03 0.01 0.01 0.02 0.00 3
11.284 1129 0 0.05 0.04 0.01 0.01 0.02 0.00 1
11.364 1142 0 0.05 0.03 0.01 0.02 0.02 0.00 2
11.444 1144 0 0.05 0.03 0.01 0.01 0.02 0.00 2
11.524 1150 0 0.07 0.04 0.01 0.01 0.02 0.00 2
11.604 1150 0 0.07 0.04 0.01 0.01 0.02 0.00 2
11.684 1151 0 0.08 0.02 0.01 0.01 0.02 0.00 2
11.764 1154 0 0.07 0.03 0.01 0.01 0.01 0.00 1
11.844 1153 0 0.06 0.03 0.02 0.01 0.01 0.00 1
11.924 1146 0 0.05 0.02 0.01 0.01 0.01 0.00 1
12.004 1146 0 0.05 0.02 0.01 0.01 0.01 0.00 1
12.084 1149 0 0.06 0.03 0.01 0.01 0.01 0.00 2
12.164 1146 0 0.07 0.02 0.01 0.01 0.01 0.02 2
12.244 1148 0 0.06 0.03 0.01 0.00 0.01 0.01 1
12.324 1148 0 0.06 0.03 0.01 0.00 0.01 0.01 1
12.404 1148 0 0.06 0.03 0.01 0.00 0.01 0.01 1
12.484 1148 0 0.05 0.04 0.01 0.01 0.01 0.01 1
12.564 1139 0 0.05 0.03 0.01 0.02 0.01 0.01 1
12.644 1144 0 0.04 0.02 0.01 0.01 0.02 0.00 4
12.724 1144 0 0.04 0.02 0.01 0.01 0.02 0.00 4
12.804 1139 0 0.04 0.01 0.01 0.01 0.02 0.00 2
12.884 1134 0 0.05 0.01 0.01 0.01 0.02 0.00 1
12.964 1136 0 0.06 0.02 0.01 0.00 0.02 0.00 2
13.044 1132 0 0.05 0.01 0.01 0.01 0.02 0.00 2
13.124 1132 0 0.05 0.01 0.01 0.01 0.02 0.00 2
13.204 1136 0 0.05 0.01 0.01 0.01 0.02 0.00 3
13.285 1139 0 0.05 0.01 0.01 0.01 0.02 0.00 2
13.365 1127 0 0.04 0.02 0.01 0.01 0.02 0.00 2
13.445 1130 0 0.04 0.01 0.01 0.01 0.02 0.00 1
13.525 1130 0 0.04 0.01 0.01 0.01 0.02 0.00 1
13.605 1125 0 0.04 0.01 0.01 0.00 0.01 0.00 1
13.685 1129 0 0.04 0.02 0.01 0.01 0.02 0.00 2
13.765 1128 0 0.04 0.01 0.01 0.01 0.02 0.00 3
13.845 1151 0 0.04 0.02 0.01 0.01 0.03 0.00 6
13.925 1151 0 0.04 0.02 0.01 0.01 0.03 0.00 6
14.005 1167 0 0.04 0.01 0.01 0.02 0.03 0.00 3
14.085 1199 0 0.04 0.01 0.01 0.02 0.03 0.00 5
14.165 1246 0 0.05 0.01 0.04 0.01 0.03 0.00 4
14.245 1246 0 0.05 0.01 0.04 0.01 0.03 0.00 4
14.325 1246 0 0.05 0.01 0.04 0.01 0.03 0.00 4
14.405 1364 0 0.06 0.00 0.11 0.02 0.04 0.00 7
14.485 1426 0 0.08 0.00 0.08 0.01 0.04 0.00 7
14.565 1497 0 0.07 0.01 0.06 0.01 0.04 0.00 8
14.645 1497 0 0.07 0.01 0.06 0.01 0.04 0.00 8
14.725 1541 0 0.08 0.01 0.05 0.01 0.04 0.00 8
14.805 1612 0 0.11 0.02 0.03 0.00 0.04 0.00 7
14.885 1633 0 0.12 0.03 0.04 0.02 0.04 0.00 6
14.965 1641 0 0.15 0.02 0.04 0.03 0.04 0.01 8
15.045 1641 0 0.15 0.02 0.04 0.03 0.04 0.01 8
15.125 1677 0 0.16 0.02 0.04 0.03 0.04 0.00 4
15.205 1716 0 0.18 0.03 0.02 0.02 0.04 0.00 11
15.285 1728 0 0.18 0.02 0.03 0.02 0.05 0.00 11
15.365 1782 0 0.13 0.03 0.03 0.02 0.05 0.00 9
15.445 1782 0 0.13 0.03 0.03 0.02 0.05 0.00 9
15.525 1791 0 0.15 0.02 0.03 0.03 0.05 0.00 10
15.605 1797 0 0.18 0.01 0.03 0.03 0.05 0.00 8
15.685 1790 0 0.15 0.01 0.03 0.02 0.06 0.00 15
15.765 1801 0 0.14 0.01 0.03 0.03 0.06 0.00 10
15.845 1801 0 0.14 0.01 0.03 0.03 0.06 0.00 10
15.925 1867 0 0.22 0.00 0.02 0.03 0.05 0.00 6
16.005 1873 0 0.17 0.00 0.03 0.02 0.06 0.03 16
16.085 1865 0 0.18 0.00 0.03 0.03 0.06 0.02 10
16.165 1865 0 0.18 0.00 0.03 0.03 0.06 0.02 10
16.245 1865 0 0.18 0.00 0.03 0.03 0.06 0.02 10
16.325 1934 0 0.31 0.01 0.03 0.02 0.06 0.01 13
16.405 1986 0 0.27 0.01 0.03 0.02 0.05 0.01 7
16.485 2010 0 0.25 0.01 0.04 0.03 0.06 0.01 14
16.566 2010 0 0.25 0.01 0.04 0.03 0.06 0.01 14
16.646 2028 0 0.24 0.02 0.03 0.04 0.06 0.01 16
16.726 2038 0 0.24 0.01 0.04 0.07 0.07 0.01 16
16.806 2129 0 0.24 0.01 0.04 0.06 0.07 0.01 16
16.886 2145 0 0.24 0.01 0.03 0.05 0.06 0.00 13
16.966 2145 0 0.24 0.01 0.03 0.05 0.06 0.00 13
17.046 2131 0 0.22 0.00 0.04 0.05 0.06 0.00 13
17.126 2132 0 0.21 0.01 0.04 0.05 0.06 0.00 14
17.206 2118 0 0.22 0.01 0.03 0.05 0.07 0.00 16
17.286 2126 0 0.23 0.01 0.04 0.04 0.07 0.00 14
17.366 2126 0 0.23 0.01 0.04 0.04 0.07 0.00 14
17.446 2125 0 0.22 0.00 0.04 0.03 0.06 0.00 13
17.526 2124 0 0.22 0.00 0.03 0.03 0.06 0.00 10
17.606 2085 0 0.21 0.00 0.03 0.03 0.05 0.00 10
17.686 2068 0 0.22 0.01 0.03 0.03 0.06 0.02 13
17.766 2068 0 0.22 0.01 0.03 0.03 0.06 0.02 13
17.846 2068 0 0.20 0.01 0.04 0.03 0.06 0.02 14
17.926 2074 0 0.19 0.01 0.03 0.03 0.06 0.01 15
18.006 2069 0 0.20 0.07 0.03 0.03 0.06 0.01 11
18.086 2069 0 0.20 0.07 0.03 0.03 0.06 0.01 11
18.166 2069 0 0.20 0.07 0.03 0.03 0.06 0.01 11
18.246 2097 0 0.21 0.05 0.03 0.03 0.06 0.01 15
18.326 2120 0 0.22 0.03 0.03 0.04 0.06 0.00 14
18.406 2115 0 0.24 0.02 0.03 0.04 0.06 0.00 14
18.486 2115 0 0.24 0.02 0.03 0.04 0.06 0.00 14
18.566 2126 0 0.25 0.01 0.03 0.03 0.07 0.00 16
18.646 2135 0 0.23 0.02 0.02 0.04 0.07 0.00 20
18.726 2199 0 0.24 0.03 0.03 0.04 0.08 0.00 24
18.806 2251 0 0.23 0.02 0.04 0.04 0.08 0.00 18
18.886 2251 0 0.23 0.02 0.04 0.04 0.08 0.00 18
18.966 2282 0 0.24 0.01 0.04 0.04 0.09 0.00 22
19.046 2308 0 0.25 0.01 0.04 0.04 0.09 0.00 21
19.126 2376 0 0.26 0.02 0.04 0.04 0.09 0.00 22
19.206 2395 0 0.33 0.01 0.04 0.04 0.09 0.00 21
19.286 2395 0 0.33 0.01 0.04 0.04 0.09 0.00 21
19.366 2412 0 0.31 0.02 0.04 0.05 0.09 0.00 22
19.446 2421 0 0.29 0.01 0.04 0.05 0.09 0.00 27
19.526 2463 0 0.29 0.02 0.04 0.05 0.09 0.00 24
19.607 2500 0 0.31 0.03 0.04 0.05 0.10 0.00 31
19.687 2500 0 0.31 0.03 0.04 0.05 0.10 0.00 31
19.767 2515 0 0.34 0.02 0.04 0.06 0.11 0.00 35
19.847 2612 0 0.34 0.03 0.05 0.05 0.12 0.00 34
19.927 2645 0 0.35 0.02 0.05 0.06 0.11 0.00 29
20.007 2651 0 0.38 0.05 0.05 0.06 0.11 0.00 29
20.087 2651 0 0.38 0.05 0.05 0.06 0.11 0.00 29
20.167 2653 0 0.32 0.03 0.06 0.06 0.11 0.00 31
20.247 2672 0 0.36 0.05 0.04 0.06 0.11 0.00 31
20.327 2671 0 0.37 0.03 0.05 0.07 0.09 0.00 15
20.407 2671 0 0.37 0.03 0.05 0.07 0.09 0.00 15
20.487 2669 0 0.39 0.02 0.05 0.07 0.10 0.00 31
20.567 2693 0 0.40 0.03 0.08 0.07 0.10 0.00 31
20.647 2692 0 0.40 0.02 0.07 0.07 0.11 0.00 33
20.727 2706 0 0.42 0.01 0.07 0.07 0.12 0.01 42
20.807 2706 0 0.42 0.01 0.07 0.07 0.12 0.01 42
20.887 2745 0 0.42 0.02 0.06 0.07 0.12 0.01 37
20.967 2787 0 0.34 0.03 0.06 0.06 0.12 0.01 36
21.047 2799 0 0.38 0.13 0.08 0.07 0.12 0.01 38
21.127 2819 0 0.40 0.10 0.08 0.07 0.13 0.00 38
21.207 2819 0 0.40 0.10 0.08 0.07 0.13 0.00 38
21.287 2830 0 0.42 0.08 0.08 0.07 0.13 0.00 40
21.367 2857 0 0.44 0.06 0.07 0.07 0.19 0.00 93
21.447 2904 0 0.45 0.05 0.07 0.07 0.18 0.00 52
21.527 2939 0 0.45 0.05 0.07 0.07 0.17 0.00 41
21.607 2939 0 0.45 0.05 0.07 0.07 0.17 0.00 41
21.687 2956 0 0.47 0.04 0.08 0.07 0.15 0.00 40
21.767 2932 0 0.47 0.03 0.08 0.08 0.15 0.00 41
21.847 2966 0 0.47 0.02 0.07 0.08 0.15 0.00 44
21.928 2974 0 0.47 0.03 0.08 0.08 0.14 0.00 44
22.008 2974 0 0.47 0.03 0.08 0.08 0.14 0.00 44
22.088 2980 0 0.48 0.03 0.08 0.08 0.14 0.00 37
22.168 2988 0 0.50 0.03 0.08 0.07 0.14 0.00 44
22.248 2988 0 0.52 0.04 0.08 0.07 0.14 0.00 48
22.328 2988 0 0.52 0.04 0.08 0.07 0.14 0.00 48
22.408 3016 0 0.53 0.02 0.08 0.07 0.14 0.00 44
22.488 3061 0 0.55 0.02 0.08 0.08 0.14 0.00 45
22.568 3052 0 0.51 0.02 0.08 0.08 0.14 0.00 45
22.648 3052 0 0.51 0.02 0.07 0.09 0.14 0.00 45
22.728 3052 0 0.51 0.02 0.07 0.09 0.14 0.00 45
22.808 3042 0 0.53 0.02 0.07 0.08 0.14 0.00 49
22.888 3054 0 0.53 0.02 0.07 0.08 0.14 0.00 45
22.968 3056 0 0.54 0.01 0.08 0.08 0.14 0.00 47
23.048 3051 0 0.53 0.02 0.08 0.08 0.15 0.00 47
23.128 3051 0 0.53 0.02 0.08 0.08 0.15 0.00 47
23.208 3045 0 0.54 0.01 0.08 0.08 0.15 0.00 56
23.288 3040 0 0.54 0.03 0.08 0.08 0.15 0.00 45
23.368 3071 0 0.50 0.02 0.08 0.08 0.14 0.00 41
23.448 3056 0 0.52 0.02 0.08 0.08 0.13 0.00 34
23.528 3056 0 0.52 0.02 0.08 0.08 0.13 0.00 34
23.608 3040 0 0.51 0.02 0.07 0.08 0.13 0.00 45
23.688 3049 0 0.51 0.02 0.07 0.08 0.14 0.00 45
23.768 3069 0 0.52 0.02 0.06 0.08 0.14 0.00 43
23.848 3065 0 0.52 0.03 0.07 0.07 0.14 0.00 47
23.928 3065 0 0.52 0.03 0.07 0.07 0.14 0.00 47
24.008 3052 0 0.53 0.03 0.07 0.09 0.14 0.00 49
24.088 3114 0 0.53 0.02 0.08 0.10 0.15 0.00 50
24.168 3108 0 0.53 0.03 0.08 0.09 0.15 0.00 51
24.248 3108 0 0.53 0.03 0.08 0.09 0.15 0.00 51
24.328 3119 0 0.56 0.02 0.08 0.09 0.15 0.00 50
24.408 3098 0 0.55 0.03 0.08 0.08 0.15 0.00 49
24.489 3106 0 0.55 0.02 0.09 0.08 0.15 0.00 48
24.569 3104 0 0.55 0.01 0.08 0.08 0.15 0.00 51
24.649 3104 0 0.55 0.01 0.08 0.08 0.15 0.00 51
24.729 3148 0 0.56 0.02 0.08 0.09 0.15 0.00 44
24.809 3140 0 0.57 0.01 0.08 0.09 0.15 0.00 52
24.889 3177 0 0.56 0.05 0.09 0.09 0.15 0.00 49
24.969 3185 0 0.56 0.04 0.09 0.09 0.15 0.00 53
25.049 3185 0 0.56 0.04 0.09 0.09 0.15 0.00 53
25.129 3185 0 0.57 0.03 0.09 0.09 0.16 0.00 63
25.209 3219 0 0.57 0.03 0.08 0.09 0.16 0.00 51
25.289 3252 0 0.58 0.03 0.08 0.09 0.16 0.00 56
25.369 3264 0 0.60 0.02 0.08 0.09 0.16 0.00 58
25.449 3264 0 0.60 0.02 0.08 0.09 0.16 0.00 58
25.529 3270 0 0.60 0.03 0.09 0.09 0.17 0.00 62
25.609 3279 0 0.59 0.03 0.09 0.09 0.17 0.00 58
25.689 3302 0 0.63 0.03 0.09 0.10 0.17 0.00 61
25.769 3330 0 0.57 0.02 0.10 0.10 0.18 0.00 65
25.849 3330 0 0.57 0.02 0.10 0.10 0.18 0.00 65
25.929 3358 0 0.60 0.03 0.11 0.09 0.18 0.01 68
26.009 3385 0 0.62 0.02 0.11 0.09 0.15 0.01 31
26.089 3410 0 0.62 0.03 0.09 0.10 0.16 0.01 61
26.169 3410 0 0.62 0.03 0.09 0.10 0.16 0.01 61
26.249 3410 0 0.62 0.03 0.09 0.10 0.16 0.01 61
26.329 3416 0 0.65 0.02 0.09 0.09 0.17 0.00 67
26.409 3407 0 0.65 0.01 0.10 0.09 0.17 0.00 65
26.489 3410 0 0.63 0.02 0.10 0.10 0.18 0.00 69
26.569 3410 0 0.63 0.02 0.10 0.10 0.18 0.00 69
26.649 3451 0 0.65 0.03 0.14 0.10 0.19 0.00 72
26.729 3477 0 0.67 0.03 0.14 0.10 0.19 0.00 73
26.809 3477 0 0.68 0.02 0.13 0.12 0.19 0.00 73
26.890 3508 0 0.69 0.01 0.13 0.12 0.19 0.00 71
26.970 3508 0 0.69 0.01 0.13 0.12 0.19 0.00 71
27.050 3500 0 0.69 0.02 0.13 0.12 0.17 0.00 43
27.130 3532 0 0.71 0.02 0.12 0.12 0.18 0.00 71
27.210 3534 0 0.69 0.06 0.12 0.12 0.18 0.00 69
27.290 3527 0 0.73 0.04 0.12 0.12 0.19 0.00 74
27.370 3527 0 0.73 0.04 0.12 0.12 0.19 0.00 74
27.450 3539 0 0.74 0.03 0.11 0.11 0.19 0.01 72
27.530 3532 0 0.75 0.03 0.11 0.11 0.16 0.00 39
27.610 3601 0 0.74 0.02 0.12 0.12 0.18 0.00 80
27.690 3619 0 0.75 0.03 0.12 0.12 0.19 0.00 78
27.770 3619 0 0.75 0.03 0.12 0.12 0.19 0.00 78
27.850 3627 0 0.76 0.02 0.11 0.12 0.20 0.00 89
27.930 3642 0 0.74 0.01 0.11 0.12 0.20 0.00 80
28.010 3663 0 0.75 0.01 0.12 0.13 0.21 0.00 81
28.090 3665 0 0.79 0.01 0.12 0.12 0.21 0.00 85
28.170 3665 0 0.79 0.01 0.12 0.12 0.21 0.00 85
28.250 3713 0 0.79 0.27 0.12 0.12 0.21 0.00 84
28.330 3713 0 0.77 0.19 0.11 0.12 0.21 0.00 82
28.410 3716 0 0.76 0.13 0.12 0.11 0.22 0.00 87
28.490 3716 0 0.76 0.13 0.12 0.11 0.22 0.00 87
28.570 3729 0 0.79 0.10 0.13 0.12 0.22 0.00 94
28.650 3776 0 0.81 0.07 0.14 0.13 0.23 0.00 93
28.730 3784 0 0.84 0.05 0.14 0.13 0.24 0.00 100
28.810 3801 0 0.85 0.04 0.13 0.13 0.23 0.00 93
28.890 3801 0 0.85 0.04 0.13 0.13 0.23 0.00 93
28.970 3827 0 0.88 0.06 0.13 0.13 0.24 0.00 99
29.050 3879 0 0.87 0.04 0.16 0.16 0.24 0.00 98
29.130 3864 0 0.88 0.03 0.15 0.15 0.24 0.00 100
29.210 3939 0 0.89 0.03 0.14 0.14 0.25 0.00 106
29.290 3939 0 0.89 0.03 0.14 0.14 0.25 0.00 106
29.370 3994 0 0.89 0.03 0.13 0.19 0.25 0.00 103
29.450 3978 0 0.89 0.03 0.13 0.18 0.25 0.00 110
29.530 3988 0 0.89 0.07 0.13 0.16 0.25 0.00 105
29.610 3988 0 0.90 0.06 0.14 0.16 0.25 0.01 108
29.691 3988 0 0.90 0.06 0.14 0.16 0.25 0.01 108
29.771 3997 0 0.92 0.06 0.14 0.15 0.26 0.01 108
29.851 4019 0 0.98 0.05 0.14 0.15 0.26 0.01 111
29.931 4035 0 0.96 0.05 0.14 0.15 0.26 0.00 111
30.011 4028 0 0.96 0.04 0.14 0.12 0.26 0.00 114
30.091 4028 0 0.96 0.04 0.14 0.12 0.26 0.00 114
30.171 4044 0 0.99 0.03 0.14 0.13 0.26 0.00 114
30.251 4086 0 0.98 0.03 0.15 0.14 0.27 0.00 115
30.331 4106 0 0.98 0.03 0.15 0.15 0.27 0.00 116
30.411 4106 0 0.98 0.03 0.15 0.15 0.27 0.00 116
30.491 4109 0 0.99 0.05 0.15 0.16 0.28 0.00 134
30.571 4193 0 1.00 0.05 0.15 0.16 0.28 0.00 129
30.651 4245 0 1.03 0.04 0.16 0.17 0.29 0.00 138
30.731 4298 0 1.06 0.04 0.17 0.17 0.29 0.00 134
30.811 4298 0 1.06 0.04 0.17 0.17 0.29 0.00 134
30.891 4320 0 1.09 0.04 0.15 0.18 0.30 0.00 135
30.971 4302 0 1.09 0.04 0.16 0.18 0.30 0.00 143
31.051 4284 0 1.08 0.04 0.17 0.18 0.31 0.00 139
31.131 4313 0 1.07 0.04 0.17 0.19 0.31 0.02 138
31.211 4313 0 1.07 0.04 0.17 0.19 0.31 0.02 138
31.291 4302 0 1.04 0.04 0.17 0.18 0.30 0.01 132
31.371 4295 0 1.03 0.04 0.18 0.18 0.30 0.01 132
31.451 4284 0 1.04 0.03 0.18 0.18 0.29 0.01 129
31.531 4302 0 1.03 0.03 0.17 0.17 0.29 0.01 129
31.611 4302 0 1.03 0.03 0.17 0.17 0.29 0.01 129
31.691 4316 0 1.04 0.03 0.18 0.18 0.29 0.01 130
31.771 4298 0 1.06 0.04 0.18 0.18 0.30 0.01 140
31.851 4288 0 1.07 0.04 0.18 0.18 0.30 0.01 134
31.931 4295 0 1.05 0.05 0.18 0.18 0.30 0.00 140
32.011 4295 0 1.05 0.05 0.18 0.18 0.30 0.00 140
32.092 4306 0 1.04 0.03 0.18 0.19 0.30 0.00 137
32.172 4313 0 1.04 0.02 0.18 0.28 0.30 0.01 135
32.252 4320 0 1.09 0.02 0.18 0.24 0.31 0.00 148
32.332 4320 0 1.09 0.02 0.18 0.24 0.31 0.00 148
32.412 4302 0 1.06 0.01 0.18 0.22 0.31 0.00 135
32.492 4302 0 1.07 0.01 0.18 0.21 0.30 0.00 129
32.572 4306 0 1.08 0.00 0.18 0.20 0.30 0.01 129
32.652 4313 0 1.08 0.02 0.18 0.19 0.30 0.00 140
32.732 4313 0 1.08 0.02 0.18 0.19 0.30 0.00 140
32.812 4327 0 1.10 0.02 0.18 0.19 0.30 0.01 138
32.892 4313 0 1.11 0.03 0.18 0.23 0.31 0.00 143
32.972 4327 0 1.11 0.03 0.18 0.21 0.31 0.00 141
33.052 4327 0 1.09 0.03 0.17 0.20 0.31 0.00 141
33.132 4327 0 1.09 0.03 0.17 0.20 0.31 0.00 141
33.212 4342 0 1.07 0.02 0.18 0.19 0.31 0.00 147
33.292 4353 0 1.05 0.03 0.18 0.19 0.32 0.00 147
33.372 4387 0 1.08 0.03 0.17 0.19 0.32 0.00 151
33.452 4402 0 1.11 0.05 0.17 0.19 0.32 0.01 149
33.532 4402 0 1.11 0.05 0.17 0.19 0.32 0.01 149
33.612 4375 0 1.12 0.04 0.18 0.19 0.32 0.01 148
33.692 4436 0 1.16 0.03 0.18 0.18 0.32 0.00 147
33.772 4440 0 1.15 0.03 0.18 0.19 0.31 0.00 136
33.852 4428 0 1.16 0.02 0.18 0.19 0.31 0.00 144
33.932 4428 0 1.16 0.02 0.18 0.19 0.31 0.00 144
34.012 4444 0 1.14 0.02 0.14 0.18 0.31 0.00 142
34.092 4444 0 1.14 0.02 0.16 0.19 0.34 0.00 194
34.172 4421 0 1.15 0.05 0.17 0.19 0.34 0.00 149
34.252 4421 0 1.15 0.05 0.17 0.19 0.34 0.00 149
34.332 4463 0 1.22 0.05 0.17 0.19 0.34 0.00 159
34.412 4506 0 1.20 0.05 0.18 0.19 0.34 0.00 158
34.492 4490 0 1.21 0.04 0.18 0.19 0.33 0.01 149
34.572 4526 0 1.21 0.03 0.19 0.19 0.33 0.00 161
34.652 4526 0 1.21 0.03 0.19 0.19 0.33 0.00 161
34.733 4518 0 1.21 0.05 0.20 0.19 0.33 0.00 158
34.813 4475 0 1.21 0.04 0.20 0.19 0.33 0.00 156
34.893 4498 0 1.18 0.04 0.20 0.19 0.33 0.00 146
34.973 4542 0 1.19 0.05 0.20 0.20 0.33 0.00 159
35.053 4542 0 1.19 0.05 0.20 0.20 0.33 0.00 159
35.133 4530 0 1.20 0.04 0.19 0.20 0.33 0.01 156
35.213 4510 0 1.20 0.04 0.19 0.20 0.33 0.01 152
35.293 4538 0 1.21 0.04 0.19 0.20 0.33 0.01 164
35.373 4510 0 1.18 0.04 0.19 0.18 0.33 0.03 158
35.453 4510 0 1.18 0.04 0.19 0.18 0.33 0.03 158
35.533 4518 0 1.14 0.04 0.19 0.19 0.33 0.02 150
35.613 4506 0 0.99 0.04 0.19 0.20 0.33 0.01 158
35.693 4522 0 1.07 0.03 0.20 0.20 0.33 0.01 164
35.773 4534 0 1.12 0.03 0.20 0.20 0.33 0.01 159
35.853 4534 0 1.12 0.03 0.20 0.20 0.33 0.01 159
35.933 4574 0 1.15 0.03 0.20 0.19 0.34 0.01 166
36.013 4570 0 1.19 0.04 0.20 0.20 0.34 0.01 171
36.093 4579 0 1.24 0.05 0.20 0.20 0.34 0.01 157
36.173 4579 0 1.24 0.05 0.20 0.20 0.34 0.01 157
36.253 4579 0 1.24 0.05 0.20 0.20 0.34 0.01 157
36.333 4620 0 1.24 0.05 0.19 0.19 0.34 0.01 162
36.413 4599 0 1.26 0.06 0.20 0.20 0.35 0.01 178
36.493 4637 0 1.28 0.20 0.20 0.20 0.35 0.01 174
36.573 4637 0 1.28 0.20 0.20 0.20 0.35 0.01 174
36.653 4662 0 1.29 0.14 0.20 0.19 0.35 0.01 174
36.733 4641 0 1.28 0.11 0.20 0.20 0.35 0.00 165
36.813 4658 0 1.30 0.07 0.20 0.21 0.35 0.00 174
36.893 4653 0 1.27 0.07 0.20 0.21 0.35 0.00 171
36.973 4653 0 1.27 0.07 0.20 0.21 0.35 0.00 171
37.053 4637 0 1.26 0.06 0.20 0.21 0.35 0.00 174
37.133 4653 0 1.25 0.06 0.20 0.21 0.35 0.00 168
37.213 4658 0 1.28 0.05 0.20 0.21 0.35 0.00 171
37.294 4641 0 1.27 0.06 0.20 0.21 0.36 0.00 177
37.374 4641 0 1.27 0.06 0.20 0.21 0.36 0.00 177
37.454 4679 0 1.30 0.05 0.20 0.21 0.36 0.00 178
37.534 4709 0 1.31 0.06 0.20 0.21 0.36 0.00 182
37.614 4726 0 1.32 0.05 0.21 0.21 0.36 0.00 183
37.694 4731 0 1.35 0.04 0.21 0.21 0.37 0.00 183
37.774 4731 0 1.35 0.04 0.21 0.21 0.37 0.00 183
37.854 4718 0 1.35 0.04 0.21 0.21 0.37 0.00 194
37.934 4739 0 1.36 0.04 0.20 0.21 0.37 0.00 186
38.014 4753 0 1.37 0.03 0.20 0.21 0.37 0.00 187
38.094 4779 0 1.36 0.03 0.21 0.21 0.37 0.00 188
38.174 4779 0 1.36 0.03 0.21 0.21 0.37 0.00 188
38.254 4792 0 1.36 0.03 0.21 0.21 0.37 0.00 188
38.334 4784 0 1.38 0.02 0.21 0.22 0.37 0.00 188
38.414 4761 0 1.37 0.03 0.21 0.22 0.38 0.00 193
38.494 4761 0 1.37 0.03 0.21 0.22 0.38 0.00 193
38.574 4792 0 1.38 0.02 0.21 0.23 0.38 0.01 188
38.654 4775 0 1.39 0.35 0.21 0.22 0.37 0.01 173
38.734 4824 0 1.40 0.26 0.21 0.22 0.38 0.01 201
38.814 4792 0 1.40 0.20 0.21 0.22 0.38 0.01 194
38.894 4792 0 1.40 0.20 0.21 0.22 0.38 0.01 194
38.974 4824 0 1.40 0.16 0.21 0.22 0.38 0.01 195
39.054 4833 0 1.40 0.14 0.21 0.22 0.38 0.01 190
39.134 4842 0 1.40 0.11 0.21 0.22 0.38 0.01 193
39.214 4847 0 1.40 0.10 0.22 0.22 0.38 0.01 196
39.294 4847 0 1.40 0.10 0.22 0.22 0.38 0.01 196
39.374 4847 0 1.42 0.08 0.22 0.22 0.39 0.01 199
39.454 4856 0 1.43 0.05 0.22 0.22 0.38 0.01 194
39.534 4865 0 1.43 0.05 0.22 0.22 0.39 0.01 200
39.614 4865 0 1.44 0.06 0.22 0.22 0.39 0.00 209
39.694 4865 0 1.44 0.06 0.22 0.22 0.39 0.00 209
39.774 4865 0 1.45 0.05 0.22 0.22 0.39 0.00 200
39.854 4884 0 1.44 0.05 0.23 0.23 0.40 0.00 204
39.935 4888 0 1.45 0.05 0.23 0.23 0.40 0.00 204
40.015 4912 0 1.46 0.04 0.23 0.24 0.40 0.00 202
40.095 4912 0 1.46 0.04 0.23 0.24 0.40 0.00 202
40.175 4898 0 1.46 0.05 0.23 0.24 0.40 0.00 207
40.255 4888 0 1.45 0.05 0.23 0.23 0.40 0.00 204
40.335 4888 0 1.45 0.03 0.22 0.24 0.40 0.01 204
40.415 4888 0 1.45 0.03 0.22 0.24 0.40 0.01 204
40.495 4870 0 1.46 0.05 0.22 0.24 0.40 0.01 206
40.575 4907 0 1.47 0.03 0.22 0.23 0.40 0.01 208
40.655 4917 0 1.47 0.03 0.22 0.23 0.40 0.01 208
40.735 4907 0 1.48 0.05 0.23 0.24 0.40 0.01 208
40.815 4907 0 1.48 0.05 0.23 0.24 0.40 0.01 208
40.895 4950 0 1.48 0.06 0.23 0.24 0.40 0.01 206
40.975 4917 0 1.48 0.06 0.23 0.24 0.40 0.01 208
41.055 4964 0 1.49 0.06 0.23 0.25 0.40 0.01 207
41.135 4979 0 1.50 0.05 0.23 0.24 0.40 0.01 208
41.215 4979 0 1.50 0.05 0.23 0.24 0.40 0.01 208
41.295 4926 0 1.52 0.16 0.22 0.23 0.40 0.01 205
41.375 4898 0 1.49 0.12 0.22 0.23 0.40 0.01 207
41.455 4935 0 1.49 0.09 0.22 0.23 0.40 0.01 206
41.535 4926 0 1.50 0.08 0.22 0.24 0.40 0.01 209
41.615 4926 0 1.50 0.08 0.22 0.24 0.40 0.01 209
41.695 4969 0 1.48 0.09 0.22 0.24 0.40 0.01 204
41.775 4983 0 1.47 0.06 0.22 0.23 0.40 0.01 205
41.855 4964 0 1.47 0.05 0.22 0.23 0.40 0.01 207
41.935 4969 0 1.50 0.05 0.22 0.23 0.40 0.01 213
42.015 4969 0 1.50 0.05 0.22 0.23 0.40 0.01 213
42.095 4988 0 1.50 0.05 0.22 0.23 0.40 0.01 211
42.175 4964 0 1.44 0.04 0.28 0.24 0.40 0.01 213
42.255 4955 0 1.47 0.04 0.25 0.24 0.40 0.01 210
42.335 4955 0 1.47 0.04 0.25 0.24 0.40 0.01 210
42.415 4998 0 1.50 0.03 0.24 0.24 0.40 0.00 208
42.496 4969 0 1.51 0.03 0.24 0.23 0.40 0.00 207
42.576 4974 0 1.55 0.03 0.24 0.23 0.41 0.01 220
42.656 5032 0 1.54 0.04 0.24 0.24 0.41 0.01 216
42.736 5032 0 1.54 0.04 0.24 0.24 0.41 0.01 216
42.816 5003 0 1.52 0.04 0.23 0.22 0.41 0.02 218
42.896 4974 0 1.52 0.04 0.24 0.23 0.41 0.02 207
42.976 4979 0 1.37 0.04 0.24 0.23 0.41 0.01 214
43.056 4993 0 1.42 0.05 0.22 0.23 0.41 0.01 214
43.136 4993 0 1.42 0.05 0.22 0.23 0.41 0.01 214
43.216 4979 0 1.23 0.05 0.23 0.23 0.41 0.01 214
43.296 4998 0 1.31 0.06 0.23 0.23 0.39 0.01 187
43.376 5037 0 1.38 0.04 0.23 0.25 0.40 0.01 216
43.456 4974 0 1.43 0.03 0.24 0.25 0.42 0.01 235
43.536 4974 0 1.43 0.03 0.24 0.25 0.42 0.01 235
43.616 4974 0 1.38 0.03 0.24 0.25 0.40 0.01 198
43.696 5032 0 1.43 0.05 0.24 0.25 0.41 0.00 219
43.776 5003 0 1.47 0.04 0.24 0.25 0.41 0.01 212
43.856 4950 0 1.49 0.04 0.23 0.24 0.38 0.01 170
43.936 4950 0 1.49 0.04 0.23 0.24 0.38 0.01 170
44.016 4955 0 1.50 0.04 0.23 0.24 0.39 0.00 213
44.096 4993 0 1.49 0.04 0.23 0.23 0.39 0.00 208
44.176 4974 0 1.50 0.04 0.23 0.24 0.40 0.01 211
44.256 4974 0 1.50 0.04 0.23 0.24 0.40 0.01 211
44.336 4969 0 1.37 0.04 0.23 0.24 0.40 0.01 213
44.416 4979 0 1.42 0.05 0.23 0.24 0.40 0.01 202
44.496 4979 0 1.45 0.05 0.23 0.24 0.40 0.01 214
44.576 4964 0 1.49 0.05 0.23 0.24 0.39 0.01 198
44.656 4964 0 1.49 0.05 0.23 0.24 0.39 0.01 198
44.736 4969 0 1.50 0.07 0.23 0.24 0.40 0.01 213
44.816 4979 0 1.52 0.06 0.23 0.23 0.40 0.01 214
44.896 4935 0 1.52 0.05 0.23 0.24 0.40 0.00 209
44.977 4974 0 1.51 0.05 0.23 0.24 0.40 0.00 211
45.057 4974 0 1.51 0.05 0.23 0.24 0.40 0.00 211
45.137 4974 0 1.50 0.03 0.23 0.24 0.40 0.01 207
45.217 4974 0 1.50 0.03 0.23 0.24 0.40 0.01 214
45.297 4983 0 1.52 0.05 0.23 0.24 0.41 0.01 217
45.377 4950 0 1.53 0.05 0.23 0.24 0.41 0.01 210
45.457 4950 0 1.53 0.05 0.23 0.24 0.41 0.01 210
45.537 4955 0 1.50 0.06 0.23 0.24 0.41 0.01 210
45.617 5022 0 1.49 0.06 0.23 0.23 0.41 0.01 216
45.697 4950 0 1.51 0.17 0.23 0.24 0.41 0.01 213
45.777 4988 0 1.51 0.11 0.23 0.24 0.41 0.01 217
45.857 4988 0 1.51 0.11 0.23 0.24 0.41 0.01 217
45.937 4969 0 1.49 0.09 0.23 0.24 0.41 0.01 216
46.017 4969 0 1.53 0.07 0.23 0.24 0.41 0.01 210
46.097 5013 0 1.53 0.08 0.23 0.24 0.42 0.01 231
46.177 5013 0 1.53 0.08 0.23 0.24 0.42 0.01 231
46.257 5013 0 1.53 0.08 0.23 0.24 0.42 0.01 231
46.337 5052 0 1.50 0.06 0.23 0.24 0.41 0.01 214
46.417 4983 0 1.51 0.04 0.22 0.24 0.41 0.01 217
46.497 4979 0 1.51 0.03 0.23 0.25 0.41 0.01 211
46.577 4979 0 1.51 0.03 0.23 0.25 0.41 0.01 211
46.657 5013 0 1.54 0.03 0.22 0.24 0.41 0.02 218
46.737 4940 0 1.52 0.05 0.22 0.24 0.42 0.01 218
46.817 4979 0 1.51 0.03 0.22 0.24 0.40 0.01 189
46.897 4893 0 1.49 0.02 0.22 0.24 0.38 0.01 174
46.977 4893 0 1.49 0.02 0.22 0.24 0.38 0.01 174
47.057 4801 0 1.43 0.04 0.21 0.21 0.36 0.01 153
47.137 4595 0 1.36 0.03 0.21 0.21 0.33 0.01 132
47.217 4444 0 1.24 0.02 0.19 0.18 0.31 0.01 123
47.297 4193 0 1.13 0.01 0.18 0.17 0.26 0.00 62
47.377 4193 0 1.13 0.01 0.18 0.17 0.26 0.00 62
47.457 3888 0 0.98 0.01 0.16 0.15 0.20 0.00 36
47.537 3498 0 0.83 0.02 0.12 0.12 0.15 0.00 19
47.617 3029 0 0.69 0.01 0.10 0.10 0.12 0.00 13
47.697 2722 0 0.57 0.01 0.09 0.09 0.09 0.00 8
47.777 2722 0 0.57 0.01 0.09 0.09 0.09 0.00 8
47.857 2463 0 0.47 0.01 0.07 0.07 0.07 0.00 8
47.937 2258 0 0.37 0.03 0.06 0.06 0.05 0.00 4
48.018 2045 0 0.25 0.02 0.05 0.05 0.04 0.00 0
48.098 2045 0 0.25 0.02 0.05 0.05 0.04 0.00 0
48.178 2045 0 0.25 0.02 0.05 0.05 0.04 0.00 0
48.258 1632 0 0.18 0.01 0.04 0.04 0.03 0.00 1
48.338 1463 0 0.15 0.02 0.02 0.03 0.03 0.00 4
48.418 1319 0 0.10 0.01 0.02 0.03 0.02 0.00 1
48.498 1319 0 0.10 0.01 0.02 0.03 0.02 0.00 1
48.578 1197 0 0.08 0.01 0.02 0.02 0.01 0.00 1
48.658 1064 0 0.07 0.02 0.01 0.02 0.02 0.00 2
48.738 963 0 0.06 0.01 0.01 0.01 0.01 0.00 1
48.818 879 0 0.05 0.01 0.01 0.01 0.02 0.00 2
48.898 879 0 0.05 0.01 0.01 0.01 0.02 0.00 2
48.978 793 0 0.05 0.01 0.00 0.01 0.01 0.00 1
49.058 721 0 0.03 0.02 0.00 0.01 0.01 0.00 0
49.138 651 0 0.03 0.01 0.00 0.01 0.01 0.00 1
49.218 574 0 0.04 0.01 0.00 0.01 0.01 0.00 1
49.298 574 0 0.04 0.01 0.00 0.01 0.01 0.00 1
49.378 509 0 0.04 0.01 0.01 0.01 0.01 0.00 0
49.458 454 0 0.04 0.00 0.00 0.00 0.01 0.00 1
49.538 402 0 0.04 0.00 0.00 0.00 0.01 0.00 1
49.618 352 0 0.04 0.00 0.00 0.00 0.01 0.00 0
49.698 352 0 0.04 0.00 0.00 0.00 0.01 0.00 0
49.778 299 0 0.03 0.00 0.00 0.00 0.01 0.00 0
49.858 258 0 0.03 0.00 0.00 0.00 0.01 0.00 0
49.938 212 0 0.03 0.00 0.00 0.00 0.01 0.00 0
50.018 181 0 0.04 0.00 0.00 0.01 0.01 0.00 0
50.098 181 0 0.04 0.00 0.00 0.01 0.01 0.00 0
50.178 148 0 0.04 0.00 0.00 0.00 0.01 0.00 0
50.258 122 0 0.02 0.00 0.00 0.00 0.01 0.00 0
