0.000 0 0 0.00 0.00 0.00 0.00 0.00 0.00 0
0.080 0 0 0.01 0.00 0.00 0.01 0.00 0.00 0
0.160 0 0 0.01 0.00 0.01 0.00 0.00 0.00 0
0.240 0 0 0.01 0.00 0.00 0.00 0.00 0.00 0
0.320 0 0 0.02 0.00 0.01 0.01 0.00 0.00 0
0.400 0 0 0.02 0.00 0.01 0.01 0.00 0.00 0
0.480 0 0 0.01 0.00 0.01 0.01 0.00 0.00 0
0.560 0 0 0.01 0.00 0.01 0.01 0.00 0.00 0
0.640 0 0 0.02 0.00 0.01 0.01 0.00 0.00 0
0.720 0 0 0.01 0.00 0.01 0.01 0.00 0.00 0
0.800 0 0 0.01 0.00 0.01 0.01 0.00 0.00 0
0.880 0 0 0.01 0.00 0.01 0.01 0.00 0.00 0
0.960 0 0 0.01 0.00 0.01 0.01 0.00 0.00 0
1.040 0 0 0.00 0.00 0.01 0.01 0.00 0.00 0
1.120 0 0 0.00 0.00 0.01 0.01 0.00 0.00 0
1.200 0 0 0.00 0.00 0.01 0.01 0.00 0.00 0
1.280 0 0 0.00 0.00 0.01 0.01 0.00 0.00 0
1.360 0 0 0.01 0.00 0.01 0.01 0.00 0.00 0
1.440 0 0 0.01 0.00 0.01 0.01 0.00 0.00 0
1.521 0 0 0.01 0.00 0.01 0.01 0.00 0.00 0
1.601 0 0 0.01 0.00 0.01 0.01 0.00 0.00 0
1.681 0 0 0.00 0.00 0.01 0.01 0.00 0.00 0
1.761 0 0 0.03 0.00 0.01 0.01 0.00 0.00 0
1.841 0 0 0.02 0.00 0.01 0.01 0.00 0.00 0
1.921 0 0 0.02 0.00 0.01 0.01 0.00 0.00 0
2.001 0 0 0.01 0.00 0.01 0.01 0.00 0.00 0
2.081 0 0 0.02 0.00 0.01 0.01 0.00 0.00 0
2.161 0 0 0.01 0.00 0.01 0.01 0.00 0.00 0
2.241 0 0 0.01 0.00 0.01 0.01 0.00 0.00 0
2.321 0 0 0.01 0.00 0.01 0.01 0.00 0.00 0
2.401 0 0 0.01 0.00 0.01 0.01 0.00 0.00 0
2.481 0 0 0.00 0.00 0.01 0.01 0.00 0.00 0
2.561 0 0 0.00 0.00 0.01 0.01 0.00 0.00 0
2.641 0 0 0.00 0.00 0.00 0.00 0.00 0.00 0
2.721 0 0 0.00 0.00 0.00 0.00 0.00 0.00 0
2.801 0 0 0.00 0.01 0.01 0.01 0.00 0.00 0
2.881 0 0 0.01 0.02 0.01 0.01 0.00 0.00 0
2.961 0 0 0.01 0.01 0.01 0.01 0.00 0.00 0
3.041 0 0 0.01 0.01 0.01 0.01 0.00 0.00 0
3.121 0 0 0.01 0.01 0.01 0.01 0.00 0.00 0
3.201 0 0 0.02 0.02 0.01 0.01 0.00 0.00 0
3.281 0 0 0.01 0.01 0.01 0.01 0.00 0.00 0
3.361 0 0 0.01 0.01 0.01 0.01 0.00 0.00 0
3.441 0 0 0.02 0.01 0.01 0.01 0.00 0.00 0
3.521 0 0 0.02 0.01 0.01 0.01 0.00 0.00 0
3.601 0 0 0.01 0.00 0.01 0.01 0.00 0.00 0
3.681 0 0 0.01 0.00 0.01 0.01 0.00 0.00 0
3.761 0 0 0.02 0.01 0.01 0.01 0.00 0.00 0
3.841 0 0 0.02 0.01 0.01 0.01 0.00 0.00 0
3.921 0 0 0.01 0.02 0.01 0.01 0.00 0.00 0
4.002 0 0 0.01 0.02 0.01 0.01 0.00 0.00 0
4.082 0 0 0.01 0.01 0.01 0.01 0.00 0.00 0
4.162 0 0 0.00 0.01 0.01 0.01 0.00 0.00 0
4.242 0 0 0.00 0.01 0.01 0.01 0.00 0.00 0
4.322 0 0 0.00 0.00 0.01 0.01 0.00 0.00 0
4.402 0 0 0.01 0.02 0.01 0.01 0.00 0.00 0
4.482 0 0 0.01 0.01 0.01 0.01 0.00 0.00 0
4.562 0 0 0.01 0.01 0.01 0.01 0.00 0.00 0
4.642 0 0 0.01 0.01 0.01 0.01 0.00 0.00 0
4.722 0 0 0.02 0.00 0.01 0.01 0.01 0.00 0
4.802 0 0 0.01 0.00 0.01 0.01 0.00 0.00 0
4.882 0 0 0.01 0.00 0.01 0.02 0.00 0.00 0
4.962 0 0 0.02 0.00 0.00 0.02 0.00 0.00 0
5.042 0 0 0.02 0.00 0.00 0.02 0.00 0.00 0
5.122 0 0 0.01 0.00 0.01 0.01 0.00 0.00 0
5.202 0 0 0.01 0.00 0.01 0.01 0.00 0.00 0
5.282 0 0 0.01 0.00 0.01 0.01 0.00 0.00 0
5.362 0 0 0.00 0.00 0.01 0.01 0.00 0.00 0
5.442 0 0 0.00 0.00 0.01 0.01 0.00 0.00 0
5.522 0 0 0.00 0.00 0.00 0.01 0.00 0.00 0
5.602 0 0 0.00 0.00 0.01 0.01 0.00 0.00 0
5.682 0 0 0.00 0.00 0.01 0.01 0.00 0.00 0
5.762 0 0 0.00 0.00 0.01 0.01 0.00 0.00 0
5.842 0 0 0.00 0.00 0.01 0.01 0.00 0.00 0
5.922 0 0 0.00 0.00 0.01 0.01 0.00 0.00 0
6.002 0 0 0.01 0.00 0.01 0.03 0.00 0.00 0
6.082 0 0 0.01 0.00 0.01 0.02 0.00 0.00 0
6.162 0 0 0.01 0.00 0.01 0.02 0.00 0.00 0
6.242 0 0 0.01 0.00 0.01 0.02 0.00 0.00 0
6.322 0 0 0.00 0.00 0.01 0.02 0.00 0.00 0
6.402 0 0 0.02 0.01 0.01 0.01 0.00 0.00 0
6.482 0 0 0.01 0.01 0.01 0.01 0.00 0.00 0
6.562 0 0 0.01 0.01 0.01 0.01 0.00 0.00 0
6.642 0 0 0.01 0.01 0.01 0.01 0.00 0.00 0
6.723 0 0 0.02 0.00 0.01 0.01 0.00 0.00 0
6.803 0 0 0.01 0.02 0.01 0.01 0.00 0.00 0
6.883 0 0 0.01 0.02 0.01 0.01 0.00 0.00 0
6.963 0 0 0.01 0.02 0.01 0.01 0.00 0.00 0
7.043 0 0 0.01 0.02 0.01 0.01 0.00 0.00 0
7.123 0 0 0.00 0.01 0.01 0.01 0.00 0.00 0
7.203 0 0 0.00 0.01 0.01 0.01 0.00 0.00 0
7.283 0 0 0.01 0.00 0.01 0.01 0.00 0.00 0
7.363 0 0 0.01 0.00 0.01 0.01 0.00 0.00 0
7.443 0 0 0.01 0.00 0.01 0.01 0.00 0.00 0
7.523 0 0 0.02 0.00 0.01 0.01 0.00 0.00 0
7.603 0 0 0.01 0.00 0.01 0.01 0.00 0.00 0
7.683 0 0 0.01 0.00 0.01 0.01 0.01 0.00 0
7.763 0 0 0.01 0.00 0.01 0.01 0.01 0.00 0
7.843 0 0 0.01 0.00 0.01 0.01 0.00 0.00 0
7.923 0 0 0.00 0.00 0.01 0.01 0.00 0.00 0
8.003 0 0 0.00 0.00 0.01 0.01 0.00 0.00 0
8.083 0 0 0.00 0.00 0.01 0.01 0.00 0.00 0
8.163 0 0 0.00 0.00 0.01 0.01 0.00 0.00 0
8.243 0 0 0.00 0.00 0.01 0.01 0.00 0.00 0
8.323 0 0 0.00 0.00 0.01 0.01 0.00 0.00 0
8.403 0 0 0.00 0.00 0.01 0.01 0.00 0.00 0
8.483 0 0 0.00 0.00 0.01 0.01 0.00 0.00 0
8.563 0 0 0.00 0.00 0.01 0.01 0.00 0.00 0
8.643 0 0 0.00 0.00 0.01 0.01 0.00 0.00 0
8.723 0 0 0.00 0.00 0.01 0.01 0.00 0.00 0
8.803 0 0 0.01 0.00 0.00 0.00 0.00 0.00 0
8.883 0 0 0.01 0.00 0.00 0.00 0.00 0.00 0
8.963 0 0 0.01 0.00 0.01 0.01 0.00 0.00 0
9.043 0 0 0.01 0.00 0.01 0.00 0.00 0.00 0
9.123 0 0 0.00 0.01 0.01 0.01 0.00 0.00 0
9.203 0 0 0.00 0.01 0.01 0.01 0.00 0.00 0
9.283 0 0 0.00 0.01 0.01 0.01 0.00 0.00 0
9.364 0 0 0.00 0.01 0.00 0.01 0.00 0.00 0
9.444 0 0 0.00 0.00 0.01 0.01 0.00 0.00 0
9.524 0 0 0.00 0.00 0.01 0.01 0.00 0.00 0
9.604 0 0 0.01 0.00 0.01 0.01 0.00 0.00 0
9.684 0 0 0.01 0.00 0.01 0.01 0.00 0.00 0
9.764 0 0 0.01 0.01 0.01 0.01 0.00 0.00 0
9.844 0 0 0.02 0.02 0.01 0.01 0.00 0.00 0
9.924 0 0 0.01 0.01 0.01 0.01 0.00 0.00 0
10.004 0 0 0.01 0.01 0.01 0.01 0.00 0.00 0
10.084 0 0 0.01 0.01 0.01 0.01 0.00 0.00 0
10.164 0 0 0.01 0.01 0.01 0.01 0.00 0.00 0
10.244 0 0 0.00 0.00 0.01 0.01 0.00 0.00 0
10.324 0 0 0.00 0.00 0.01 0.01 0.00 0.00 0
10.404 0 0 0.00 0.01 0.01 0.01 0.00 0.00 0
10.484 0 0 0.00 0.01 0.01 0.01 0.00 0.00 0
10.564 0 0 0.00 0.01 0.01 0.01 0.00 0.00 0
10.644 0 0 0.01 0.01 0.01 0.01 0.00 0.00 0
10.724 0 0 0.01 0.00 0.01 0.01 0.00 0.00 0
10.804 0 0 0.01 0.00 0.01 0.01 0.00 0.00 0
10.884 0 0 0.01 0.00 0.01 0.01 0.00 0.00 0
10.964 0 0 0.02 0.00 0.01 0.01 0.00 0.00 0
11.044 0 0 0.01 0.00 0.01 0.01 0.00 0.00 0
11.124 0 0 0.01 0.00 0.01 0.01 0.00 0.00 0
11.204 0 0 0.01 0.00 0.01 0.01 0.00 0.00 0
11.284 0 0 0.01 0.00 0.01 0.01 0.00 0.00 0
11.364 0 0 0.00 0.00 0.00 0.01 0.00 0.00 0
11.444 0 0 0.00 0.01 0.01 0.01 0.00 0.00 0
11.524 0 0 0.00 0.01 0.01 0.01 0.00 0.00 0
11.604 0 0 0.00 0.01 0.01 0.01 0.00 0.00 0
11.685 0 0 0.00 0.01 0.01 0.01 0.00 0.00 0
11.765 0 0 0.00 0.00 0.01 0.01 0.00 0.00 0
11.845 0 0 0.00 0.00 0.01 0.01 0.00 0.00 0
11.925 0 0 0.00 0.00 0.01 0.01 0.01 0.00 0
12.005 0 0 0.00 0.00 0.01 0.01 0.01 0.00 0
12.085 0 0 0.00 0.00 0.01 0.00 0.01 0.00 0
12.165 0 0 0.00 0.00 0.01 0.01 0.00 0.00 0
12.245 0 0 0.00 0.00 0.01 0.01 0.00 0.00 0
12.325 0 0 0.00 0.00 0.01 0.01 0.00 0.00 0
12.405 0 0 0.00 0.00 0.01 0.01 0.00 0.00 0
12.485 0 0 0.00 0.00 0.01 0.01 0.00 0.00 0
12.565 0 0 0.01 0.00 0.01 0.01 0.00 0.00 0
12.645 0 0 0.01 0.00 0.01 0.01 0.00 0.00 0
12.725 0 0 0.01 0.00 0.01 0.01 0.00 0.00 0
12.805 0 0 0.01 0.00 0.01 0.01 0.00 0.00 0
12.885 0 0 0.00 0.01 0.01 0.01 0.00 0.00 0
12.965 0 0 0.00 0.01 0.01 0.01 0.00 0.00 0
13.045 0 0 0.01 0.01 0.01 0.01 0.00 0.00 0
13.125 0 0 0.01 0.01 0.01 0.01 0.00 0.00 0
13.205 0 0 0.01 0.01 0.01 0.01 0.00 0.00 0
13.285 0 0 0.01 0.00 0.01 0.01 0.00 0.00 0
13.365 0 0 0.01 0.00 0.01 0.02 0.00 0.00 0
13.445 0 0 0.00 0.00 0.01 0.01 0.00 0.00 0
13.525 0 0 0.00 0.00 0.01 0.01 0.00 0.00 0
13.605 0 0 0.02 0.00 0.01 0.01 0.00 0.00 0
13.685 0 0 0.01 0.01 0.01 0.01 0.05 0.00 0
13.765 78 0 0.02 0.02 0.01 0.01 0.06 0.00 1
13.845 78 0 0.01 0.01 0.01 0.01 0.06 0.00 0
13.925 78 0 0.01 0.01 0.01 0.01 0.06 0.00 0
14.005 666 0 0.01 0.01 0.01 0.01 0.06 0.00 4
14.085 825 0 0.01 0.01 0.01 0.00 0.04 0.00 1
14.165 894 0 0.03 0.00 0.01 0.00 0.04 0.00 3
14.246 999 0 0.04 0.02 0.00 0.01 0.04 0.00 4
14.326 999 0 0.04 0.02 0.00 0.01 0.04 0.00 4
14.406 1061 0 0.06 0.01 0.00 0.01 0.04 0.00 5
14.486 1167 0 0.08 0.01 0.01 0.01 0.05 0.00 7
14.566 1302 0 0.09 0.00 0.00 0.00 0.06 0.00 11
14.646 1452 0 0.11 0.02 0.01 0.01 0.07 0.00 12
14.726 1452 0 0.11 0.02 0.01 0.01 0.07 0.00 12
14.806 1565 0 0.13 0.01 0.01 0.01 0.07 0.00 15
14.886 1746 0 0.14 0.02 0.01 0.01 0.08 0.00 16
14.966 1802 0 0.15 0.01 0.01 0.01 0.08 0.01 14
15.046 1887 0 0.20 0.01 0.08 0.02 0.07 0.01 12
15.126 1887 0 0.20 0.01 0.08 0.02 0.07 0.01 12
15.206 1945 0 0.16 0.02 0.07 0.02 0.08 0.01 21
15.286 2020 0 0.14 0.03 0.05 0.02 0.09 0.00 22
15.366 2149 0 0.21 0.03 0.04 0.06 0.10 0.00 25
15.446 2149 0 0.21 0.03 0.04 0.06 0.10 0.00 25
15.526 2267 0 0.21 0.02 0.04 0.05 0.10 0.00 26
15.606 2335 0 0.26 0.03 0.05 0.05 0.11 0.00 32
15.686 2467 0 0.29 0.03 0.05 0.05 0.12 0.00 33
15.766 2572 0 0.31 0.03 0.05 0.05 0.13 0.00 44
15.846 2572 0 0.31 0.03 0.05 0.05 0.13 0.00 44
15.926 2623 0 0.35 0.05 0.05 0.05 0.13 0.00 39
16.006 2712 0 0.37 0.04 0.05 0.05 0.14 0.00 40
16.086 2802 0 0.43 0.04 0.05 0.05 0.15 0.00 50
16.166 2881 0 0.45 0.04 0.06 0.05 0.16 0.00 55
16.246 2881 0 0.45 0.04 0.06 0.05 0.16 0.00 55
16.326 2949 0 0.47 0.03 0.06 0.06 0.15 0.00 40
16.406 2932 0 0.47 0.04 0.10 0.06 0.15 0.00 45
16.486 2939 0 0.48 0.03 0.08 0.06 0.15 0.00 45
16.566 2971 0 0.49 0.03 0.08 0.06 0.15 0.00 49
16.646 2971 0 0.49 0.03 0.08 0.06 0.15 0.00 49
16.726 3016 0 0.50 0.03 0.08 0.07 0.15 0.00 46
16.807 3024 0 0.51 0.02 0.07 0.07 0.16 0.00 58
16.887 3052 0 0.54 0.02 0.07 0.07 0.16 0.00 49
16.967 3097 0 0.54 0.01 0.08 0.07 0.16 0.00 53
17.047 3097 0 0.54 0.01 0.08 0.07 0.16 0.00 53
17.127 3119 0 0.53 0.02 0.07 0.07 0.16 0.00 50
17.207 3115 0 0.53 0.04 0.07 0.08 0.16 0.00 50
17.287 3131 0 0.56 0.04 0.07 0.07 0.16 0.00 56
17.367 3131 0 0.56 0.04 0.07 0.07 0.16 0.00 56
17.447 3110 0 0.58 0.03 0.07 0.07 0.16 0.00 52
17.527 3123 0 0.58 0.02 0.09 0.07 0.14 0.01 31
17.607 3114 0 0.60 0.01 0.08 0.07 0.14 0.01 50
17.687 3127 0 0.61 0.01 0.08 0.07 0.14 0.01 48
17.767 3127 0 0.61 0.01 0.08 0.07 0.14 0.01 48
17.847 3117 0 0.57 0.01 0.07 0.08 0.14 0.00 48
17.927 3085 0 0.57 0.00 0.08 0.08 0.15 0.00 47
18.007 3093 0 0.57 0.02 0.06 0.07 0.15 0.00 49
18.087 3108 0 0.56 0.02 0.07 0.07 0.15 0.00 51
18.167 3108 0 0.56 0.02 0.07 0.07 0.15 0.00 51
18.247 3087 0 0.57 0.03 0.07 0.08 0.15 0.00 47
18.327 3084 0 0.64 0.02 0.07 0.07 0.15 0.00 49
18.407 3095 0 0.61 0.01 0.07 0.07 0.15 0.01 49
18.487 3087 0 0.58 0.02 0.07 0.07 0.15 0.00 49
18.567 3087 0 0.58 0.02 0.07 0.07 0.15 0.00 49
18.647 3085 0 0.58 0.03 0.07 0.07 0.15 0.00 47
18.727 3078 0 0.58 0.04 0.07 0.10 0.16 0.00 57
18.807 3087 0 0.57 0.03 0.07 0.08 0.16 0.00 49
18.887 3085 0 0.56 0.02 0.07 0.08 0.16 0.00 55
18.967 3085 0 0.56 0.02 0.07 0.08 0.16 0.00 55
19.047 3106 0 0.57 0.01 0.08 0.06 0.16 0.00 51
19.127 3085 0 0.58 0.01 0.07 0.06 0.16 0.00 49
19.207 3085 0 0.59 0.02 0.07 0.07 0.16 0.00 51
19.287 3085 0 0.59 0.02 0.07 0.07 0.16 0.00 51
19.367 3091 0 0.64 0.03 0.07 0.07 0.16 0.00 49
19.447 3093 0 0.62 0.04 0.07 0.07 0.15 0.00 44
19.527 3089 0 0.60 0.03 0.07 0.07 0.15 0.01 51
19.607 3078 0 0.59 0.03 0.07 0.07 0.15 0.00 49
19.688 3078 0 0.59 0.03 0.07 0.07 0.15 0.00 49
19.768 3095 0 0.59 0.03 0.07 0.07 0.15 0.00 49
19.848 3106 0 0.58 0.02 0.07 0.07 0.15 0.00 50
19.928 3098 0 0.58 0.04 0.07 0.08 0.15 0.00 51
20.008 3112 0 0.57 0.03 0.07 0.07 0.15 0.00 48
20.088 3112 0 0.57 0.03 0.07 0.07 0.15 0.00 48
20.168 3093 0 0.57 0.02 0.07 0.07 0.15 0.00 49
20.248 3089 0 0.58 0.01 0.07 0.08 0.15 0.00 51
20.328 3091 0 0.56 0.01 0.07 0.07 0.15 0.00 49
20.408 3093 0 0.64 0.01 0.07 0.08 0.15 0.00 42
20.488 3093 0 0.64 0.01 0.07 0.08 0.15 0.00 42
20.568 3091 0 0.62 0.00 0.07 0.07 0.15 0.00 47
20.648 3074 0 0.59 0.02 0.07 0.07 0.15 0.00 49
20.728 3087 0 0.51 0.01 0.07 0.08 0.15 0.00 53
20.808 3112 0 0.59 0.01 0.07 0.08 0.15 0.00 50
20.888 3112 0 0.59 0.01 0.07 0.08 0.15 0.00 50
20.968 3095 0 0.56 0.05 0.07 0.07 0.16 0.00 53
21.048 3093 0 0.58 0.04 0.07 0.08 0.16 0.00 49
21.128 3080 0 0.58 0.04 0.07 0.08 0.16 0.00 53
21.208 3080 0 0.58 0.04 0.07 0.08 0.16 0.00 53
21.288 3080 0 0.58 0.04 0.07 0.08 0.16 0.00 53
21.368 3097 0 0.57 0.03 0.07 0.08 0.15 0.00 47
21.448 3085 0 0.55 0.02 0.07 0.08 0.17 0.00 66
21.528 3089 0 0.55 0.01 0.07 0.08 0.16 0.00 49
21.608 3089 0 0.55 0.01 0.07 0.08 0.16 0.00 49
21.688 3093 0 0.52 0.01 0.07 0.08 0.16 0.01 49
21.768 3087 0 0.54 0.01 0.07 0.07 0.16 0.01 49
21.848 3085 0 0.54 0.00 0.07 0.07 0.16 0.03 51
21.928 3112 0 0.53 0.00 0.07 0.07 0.15 0.02 48
22.008 3112 0 0.53 0.00 0.07 0.07 0.15 0.02 48
22.088 3100 0 0.55 0.01 0.07 0.07 0.15 0.02 49
22.168 3078 0 0.56 0.02 0.07 0.07 0.16 0.01 53
22.248 3093 0 0.58 0.03 0.07 0.07 0.16 0.01 49
22.329 3106 0 0.58 0.03 0.07 0.07 0.16 0.01 53
22.409 3106 0 0.58 0.03 0.07 0.07 0.16 0.01 53
22.489 3095 0 0.60 0.02 0.07 0.07 0.16 0.01 51
22.569 3085 0 0.58 0.01 0.07 0.08 0.15 0.01 47
22.649 3085 0 0.59 0.02 0.07 0.08 0.15 0.01 45
22.729 3084 0 0.58 0.03 0.07 0.07 0.15 0.01 51
22.809 3084 0 0.58 0.03 0.07 0.07 0.15 0.01 51
22.889 3091 0 0.57 0.02 0.06 0.08 0.15 0.00 47
22.969 3089 0 0.56 0.01 0.06 0.08 0.15 0.00 49
23.049 3095 0 0.57 0.01 0.07 0.08 0.16 0.00 53
23.129 3087 0 0.55 0.03 0.07 0.08 0.15 0.00 47
23.209 3087 0 0.55 0.03 0.07 0.08 0.15 0.00 47
23.289 3085 0 0.56 0.03 0.07 0.09 0.15 0.00 49
23.369 3100 0 0.57 0.04 0.07 0.08 0.15 0.00 51
23.449 3104 0 0.56 0.04 0.06 0.08 0.16 0.00 51
23.529 3104 0 0.56 0.04 0.06 0.08 0.16 0.00 51
23.609 3112 0 0.58 0.02 0.07 0.08 0.15 0.00 50
23.689 3095 0 0.58 0.03 0.07 0.08 0.15 0.00 46
23.769 3091 0 0.57 0.04 0.07 0.08 0.15 0.00 49
23.849 3085 0 0.56 0.03 0.07 0.08 0.15 0.00 45
23.929 3085 0 0.56 0.03 0.07 0.08 0.15 0.00 45
24.009 3082 0 0.47 0.08 0.07 0.07 0.15 0.00 51
24.089 3058 0 0.50 0.06 0.08 0.08 0.15 0.00 51
24.169 3095 0 0.51 0.05 0.08 0.07 0.15 0.00 47
24.249 3085 0 0.52 0.03 0.08 0.07 0.15 0.00 49
24.329 3085 0 0.52 0.03 0.08 0.07 0.15 0.00 49
24.409 3087 0 0.56 0.02 0.08 0.08 0.15 0.00 51
24.489 3089 0 0.57 0.02 0.08 0.07 0.16 0.00 51
24.569 3114 0 0.56 0.01 0.07 0.07 0.15 0.00 50
24.649 3084 0 0.56 0.01 0.07 0.08 0.15 0.00 49
24.729 3084 0 0.56 0.01 0.07 0.08 0.15 0.00 49
24.809 3087 0 0.53 0.01 0.07 0.07 0.15 0.00 49
24.890 3087 0 0.55 0.00 0.09 0.06 0.15 0.00 51
24.970 3087 0 0.55 0.00 0.08 0.06 0.15 0.00 47
25.050 3076 0 0.55 0.01 0.08 0.06 0.15 0.00 45
25.130 3076 0 0.55 0.01 0.08 0.06 0.15 0.00 45
25.210 3078 0 0.56 0.01 0.08 0.06 0.15 0.01 49
25.290 3091 0 0.56 0.01 0.08 0.07 0.15 0.00 53
25.370 3084 0 0.55 0.00 0.08 0.07 0.15 0.00 49
25.450 3084 0 0.55 0.00 0.08 0.07 0.15 0.00 49
25.530 3085 0 0.55 0.07 0.07 0.07 0.15 0.00 49
25.610 3098 0 0.56 0.06 0.07 0.07 0.16 0.00 53
25.690 3087 0 0.54 0.04 0.07 0.07 0.15 0.00 47
25.770 3093 0 0.56 0.04 0.07 0.08 0.15 0.00 49
25.850 3093 0 0.56 0.04 0.07 0.08 0.15 0.00 49
25.930 3082 0 0.57 0.05 0.08 0.08 0.15 0.00 49
26.010 3084 0 0.56 0.05 0.07 0.07 0.15 0.00 51
26.090 3082 0 0.57 0.03 0.07 0.07 0.16 0.00 53
26.170 3104 0 0.56 0.03 0.06 0.07 0.16 0.00 51
26.250 3104 0 0.56 0.03 0.06 0.07 0.16 0.00 51
26.330 3093 0 0.54 0.06 0.06 0.07 0.15 0.00 47
26.410 3091 0 0.55 0.04 0.06 0.07 0.15 0.00 49
26.490 3087 0 0.56 0.04 0.07 0.08 0.15 0.00 49
26.570 3091 0 0.55 0.04 0.06 0.08 0.15 0.00 47
26.650 3091 0 0.55 0.04 0.06 0.08 0.15 0.00 47
26.730 3085 0 0.55 0.03 0.07 0.07 0.15 0.00 49
26.810 3106 0 0.56 0.03 0.07 0.07 0.15 0.00 50
26.890 3102 0 0.55 0.03 0.07 0.07 0.15 0.00 48
26.970 3095 0 0.55 0.04 0.07 0.08 0.15 0.00 49
27.050 3095 0 0.55 0.04 0.07 0.08 0.15 0.00 49
27.130 3115 0 0.55 0.04 0.06 0.07 0.15 0.00 50
27.210 3093 0 0.53 0.05 0.07 0.07 0.15 0.00 51
27.290 3089 0 0.54 0.10 0.06 0.07 0.15 0.00 49
27.370 3089 0 0.54 0.10 0.06 0.07 0.15 0.00 49
27.450 3093 0 0.57 0.08 0.06 0.07 0.15 0.00 49
27.530 3098 0 0.55 0.18 0.07 0.07 0.15 0.00 48
27.610 3087 0 0.53 0.12 0.08 0.07 0.15 0.00 51
27.690 3087 0 0.55 0.09 0.07 0.07 0.16 0.00 53
27.770 3087 0 0.55 0.09 0.07 0.07 0.16 0.00 53
27.850 3108 0 0.56 0.06 0.07 0.07 0.16 0.00 50
27.931 3078 0 0.54 0.04 0.07 0.07 0.15 0.00 42
28.011 3084 0 0.56 0.03 0.07 0.07 0.15 0.00 53
28.091 3087 0 0.58 0.02 0.07 0.07 0.15 0.02 49
28.171 3087 0 0.58 0.02 0.07 0.07 0.15 0.02 49
28.251 3104 0 0.56 0.01 0.07 0.08 0.15 0.02 48
28.331 3097 0 0.57 0.02 0.07 0.07 0.15 0.01 53
28.411 3093 0 0.41 0.01 0.07 0.07 0.15 0.01 49
28.491 3102 0 0.44 0.01 0.07 0.08 0.15 0.01 48
28.571 3102 0 0.44 0.01 0.07 0.08 0.15 0.01 48
28.651 3098 0 0.49 0.01 0.07 0.08 0.15 0.01 49
28.731 3095 0 0.53 0.00 0.07 0.07 0.15 0.01 46
28.811 3091 0 0.54 0.00 0.07 0.07 0.15 0.00 49
28.891 3095 0 0.55 0.01 0.08 0.07 0.15 0.00 51
28.971 3095 0 0.55 0.01 0.08 0.07 0.15 0.00 51
29.051 3104 0 0.55 0.02 0.08 0.06 0.15 0.00 50
29.131 3093 0 0.55 0.03 0.07 0.06 0.15 0.00 47
29.211 3085 0 0.56 0.02 0.07 0.06 0.15 0.00 47
29.291 3085 0 0.56 0.02 0.07 0.06 0.15 0.00 47
29.371 3106 0 0.57 0.03 0.07 0.06 0.15 0.00 53
29.451 3085 0 0.52 0.03 0.07 0.07 0.15 0.02 49
29.531 3112 0 0.53 0.03 0.07 0.07 0.15 0.01 50
29.611 3097 0 0.52 0.03 0.07 0.07 0.15 0.01 49
29.691 3097 0 0.52 0.03 0.07 0.07 0.15 0.01 49
29.771 3095 0 0.53 0.04 0.07 0.07 0.15 0.01 49
29.851 3104 0 0.55 0.02 0.07 0.07 0.15 0.01 48
29.931 3091 0 0.60 0.02 0.07 0.07 0.15 0.01 49
30.011 3089 0 0.58 0.01 0.07 0.07 0.15 0.01 51
30.091 3089 0 0.58 0.01 0.07 0.07 0.15 0.01 51
30.171 3085 0 0.57 0.01 0.07 0.07 0.15 0.01 47
30.251 3104 0 0.58 0.01 0.07 0.08 0.15 0.01 50
30.331 3093 0 0.55 0.02 0.08 0.08 0.15 0.01 51
30.412 3102 0 0.54 0.01 0.07 0.08 0.15 0.01 49
30.492 3102 0 0.54 0.01 0.07 0.08 0.15 0.01 49
30.572 3089 0 0.55 0.01 0.05 0.07 0.15 0.00 47
30.652 3084 0 0.56 0.01 0.06 0.08 0.15 0.00 49
30.732 3108 0 0.55 0.00 0.06 0.08 0.15 0.00 46
30.812 3095 0 0.56 0.00 0.06 0.07 0.15 0.00 46
30.892 3095 0 0.56 0.00 0.06 0.07 0.15 0.00 46
30.972 3084 0 0.56 0.01 0.07 0.07 0.15 0.00 49
31.052 3106 0 0.53 0.01 0.07 0.08 0.15 0.00 51
31.132 3074 0 0.53 0.03 0.07 0.07 0.15 0.00 45
31.212 3074 0 0.53 0.03 0.07 0.07 0.15 0.00 45
31.292 3074 0 0.53 0.03 0.07 0.07 0.15 0.00 45
31.372 3108 0 0.54 0.03 0.07 0.07 0.15 0.00 50
31.452 3112 0 0.57 0.02 0.07 0.08 0.15 0.03 52
31.532 3115 0 0.57 0.03 0.07 0.07 0.15 0.02 50
31.612 3115 0 0.57 0.03 0.07 0.07 0.15 0.02 50
31.692 3087 0 0.54 0.02 0.06 0.07 0.15 0.03 49
31.772 3076 0 0.54 0.01 0.07 0.07 0.15 0.02 51
31.852 3085 0 0.54 0.02 0.07 0.07 0.15 0.02 49
31.932 3098 0 0.53 0.01 0.07 0.07 0.15 0.01 49
32.012 3098 0 0.53 0.01 0.07 0.07 0.15 0.01 49
32.092 3097 0 0.54 0.01 0.07 0.05 0.16 0.01 53
32.172 3108 0 0.54 0.01 0.07 0.06 0.16 0.01 50
32.252 3095 0 0.50 0.02 0.07 0.07 0.15 0.01 46
32.332 3071 0 0.59 0.02 0.07 0.06 0.15 0.01 43
32.412 3071 0 0.59 0.02 0.07 0.06 0.15 0.01 43
32.492 3095 0 0.58 0.03 0.08 0.06 0.15 0.01 49
32.572 3089 0 0.58 0.03 0.07 0.07 0.15 0.01 49
32.652 3080 0 0.59 0.03 0.07 0.07 0.15 0.00 49
32.732 3093 0 0.59 0.04 0.07 0.07 0.15 0.00 51
32.812 3093 0 0.59 0.04 0.07 0.07 0.15 0.00 51
32.892 3097 0 0.58 0.02 0.07 0.07 0.16 0.00 55
32.973 3104 0 0.57 0.03 0.07 0.06 0.16 0.00 50
33.053 3093 0 0.57 0.02 0.07 0.07 0.16 0.00 51
33.133 3093 0 0.57 0.02 0.07 0.07 0.16 0.00 51
33.213 3093 0 0.57 0.02 0.07 0.07 0.16 0.00 51
33.293 3098 0 0.55 0.01 0.06 0.07 0.16 0.00 57
33.373 3089 0 0.56 0.01 0.07 0.08 0.16 0.00 49
33.453 3095 0 0.46 0.02 0.06 0.08 0.16 0.00 49
33.533 3095 0 0.46 0.02 0.06 0.08 0.16 0.00 49
33.613 3095 0 0.47 0.01 0.07 0.09 0.16 0.04 51
33.693 3097 0 0.52 0.02 0.06 0.08 0.15 0.03 46
33.773 3098 0 0.53 0.01 0.07 0.08 0.15 0.02 49
33.853 3087 0 0.51 0.01 0.07 0.07 0.15 0.02 49
33.933 3087 0 0.51 0.01 0.07 0.07 0.15 0.02 49
34.013 3097 0 0.52 0.01 0.07 0.07 0.16 0.02 55
34.093 3087 0 0.54 0.02 0.07 0.07 0.16 0.01 55
34.173 3078 0 0.53 0.01 0.07 0.07 0.16 0.01 49
34.253 3097 0 0.55 0.02 0.07 0.07 0.16 0.01 51
34.333 3097 0 0.55 0.02 0.07 0.07 0.16 0.01 51
34.413 3097 0 0.56 0.01 0.07 0.07 0.16 0.01 49
34.493 3093 0 0.54 0.01 0.07 0.07 0.15 0.00 47
34.573 3095 0 0.54 0.01 0.07 0.07 0.15 0.01 49
34.653 3078 0 0.55 0.00 0.07 0.07 0.15 0.00 43
34.733 3078 0 0.55 0.00 0.07 0.07 0.15 0.00 43
34.813 3110 0 0.53 0.00 0.08 0.07 0.15 0.00 48
34.893 3089 0 0.54 0.01 0.07 0.08 0.15 0.00 47
34.973 3087 0 0.54 0.01 0.08 0.06 0.15 0.00 51
35.053 3110 0 0.52 0.02 0.08 0.06 0.15 0.00 44
35.133 3110 0 0.52 0.02 0.08 0.06 0.15 0.00 44
35.213 3076 0 0.53 0.01 0.08 0.07 0.15 0.00 51
35.293 3097 0 0.52 0.02 0.07 0.07 0.15 0.00 47
35.373 3084 0 0.52 0.01 0.08 0.07 0.15 0.00 49
35.453 3084 0 0.52 0.01 0.08 0.07 0.15 0.00 49
35.534 3097 0 0.51 0.02 0.07 0.07 0.15 0.00 49
35.614 3089 0 0.52 0.03 0.07 0.07 0.15 0.00 51
35.694 3114 0 0.53 0.02 0.07 0.07 0.15 0.00 52
35.774 3115 0 0.52 0.01 0.08 0.07 0.16 0.00 52
35.854 3115 0 0.52 0.01 0.08 0.07 0.16 0.00 52
35.934 3098 0 0.53 0.01 0.07 0.07 0.16 0.00 51
36.014 3095 0 0.52 0.02 0.06 0.07 0.17 0.00 61
36.094 3098 0 0.48 0.01 0.06 0.07 0.16 0.02 48
36.174 3106 0 0.51 0.01 0.06 0.07 0.16 0.01 51
36.254 3106 0 0.51 0.01 0.06 0.07 0.16 0.01 51
36.334 3089 0 0.52 0.02 0.07 0.07 0.16 0.01 49
36.414 3097 0 0.51 0.02 0.07 0.07 0.16 0.01 49
36.494 3087 0 0.54 0.03 0.07 0.07 0.15 0.01 49
36.574 3104 0 0.58 0.05 0.07 0.07 0.16 0.00 51
36.654 3104 0 0.58 0.05 0.07 0.07 0.16 0.00 51
36.734 3089 0 0.56 0.04 0.07 0.07 0.15 0.00 47
36.814 3087 0 0.56 0.04 0.07 0.08 0.15 0.00 47
36.894 3102 0 0.56 0.03 0.07 0.08 0.15 0.00 49
36.974 3097 0 0.56 0.02 0.07 0.08 0.15 0.00 46
37.054 3097 0 0.56 0.02 0.07 0.08 0.15 0.00 46
37.134 3084 0 0.58 0.03 0.07 0.08 0.15 0.01 47
37.214 3085 0 0.59 0.02 0.07 0.08 0.15 0.01 49
37.294 3084 0 0.60 0.04 0.08 0.08 0.15 0.01 49
37.374 3084 0 0.60 0.04 0.08 0.08 0.15 0.01 49
37.454 3095 0 0.56 0.04 0.07 0.08 0.15 0.01 49
37.534 3078 0 0.56 0.04 0.07 0.07 0.15 0.00 51
37.614 3091 0 0.54 0.03 0.07 0.12 0.17 0.00 63
37.694 3080 0 0.53 0.03 0.07 0.10 0.16 0.00 47
37.774 3080 0 0.53 0.03 0.07 0.10 0.16 0.00 47
37.854 3095 0 0.56 0.03 0.07 0.09 0.16 0.03 49
37.934 3115 0 0.54 0.02 0.06 0.08 0.15 0.02 44
38.014 3102 0 0.53 0.02 0.06 0.08 0.15 0.02 51
38.094 3097 0 0.54 0.02 0.06 0.07 0.15 0.01 49
38.174 3097 0 0.54 0.02 0.06 0.07 0.15 0.01 49
38.254 3089 0 0.53 0.02 0.06 0.08 0.15 0.01 47
38.335 3098 0 0.52 0.34 0.06 0.08 0.15 0.01 44
38.415 3087 0 0.53 0.23 0.06 0.08 0.15 0.01 47
38.495 3087 0 0.54 0.16 0.07 0.07 0.15 0.00 49
38.575 3087 0 0.54 0.16 0.07 0.07 0.15 0.00 49
38.655 3104 0 0.53 0.11 0.07 0.08 0.15 0.00 50
38.735 3095 0 0.52 0.07 0.07 0.08 0.15 0.01 49
38.815 3085 0 0.52 0.05 0.07 0.08 0.15 0.01 49
38.895 3093 0 0.53 0.03 0.07 0.08 0.15 0.00 49
38.975 3093 0 0.53 0.03 0.07 0.08 0.15 0.00 49
39.055 3098 0 0.55 0.02 0.07 0.07 0.15 0.00 51
39.135 3095 0 0.55 0.08 0.07 0.08 0.15 0.00 49
39.215 3072 0 0.55 0.05 0.07 0.08 0.15 0.01 49
39.295 3072 0 0.55 0.05 0.07 0.08 0.15 0.01 49
39.375 3089 0 0.56 0.04 0.07 0.07 0.15 0.01 51
39.455 3114 0 0.57 0.04 0.07 0.07 0.16 0.01 55
39.535 3082 0 0.55 0.04 0.07 0.08 0.16 0.00 47
39.615 3087 0 0.55 0.03 0.06 0.08 0.15 0.00 49
39.695 3087 0 0.55 0.03 0.06 0.08 0.15 0.00 49
39.775 3106 0 0.56 0.02 0.06 0.08 0.15 0.00 50
39.855 3089 0 0.54 0.04 0.06 0.08 0.15 0.00 47
39.935 3097 0 0.54 0.03 0.06 0.08 0.15 0.00 51
40.015 3106 0 0.80 0.05 0.06 0.07 0.15 0.00 50
40.095 3106 0 0.80 0.05 0.06 0.07 0.15 0.00 50
40.175 3115 0 0.70 0.05 0.06 0.07 0.15 0.00 48
40.255 3097 0 0.64 0.05 0.06 0.08 0.15 0.00 47
40.335 3098 0 0.60 0.03 0.06 0.08 0.15 0.01 51
40.415 3089 0 0.58 0.06 0.07 0.08 0.15 0.00 49
40.495 3089 0 0.58 0.06 0.07 0.08 0.15 0.00 49
40.575 3085 0 0.57 0.04 0.07 0.08 0.15 0.00 51
40.655 3093 0 0.56 0.03 0.07 0.08 0.15 0.00 49
40.735 3112 0 0.57 0.03 0.07 0.09 0.15 0.00 50
40.815 3095 0 0.55 0.03 0.07 0.08 0.15 0.00 47
40.895 3095 0 0.55 0.03 0.07 0.08 0.15 0.00 47
40.975 3108 0 0.56 0.04 0.07 0.08 0.15 0.00 51
41.055 3072 0 0.58 0.04 0.07 0.08 0.15 0.00 51
41.135 3095 0 0.53 0.02 0.07 0.08 0.15 0.00 44
41.215 3095 0 0.53 0.02 0.07 0.08 0.15 0.00 44
41.295 3114 0 0.53 0.02 0.07 0.08 0.15 0.00 48
41.376 3078 0 0.53 0.01 0.07 0.07 0.15 0.00 47
41.456 3114 0 0.52 0.01 0.07 0.07 0.15 0.00 50
41.536 3102 0 0.53 0.01 0.07 0.07 0.15 0.00 46
41.616 3102 0 0.53 0.01 0.07 0.07 0.15 0.00 46
41.696 3085 0 0.54 0.00 0.07 0.07 0.15 0.00 49
41.776 3082 0 0.53 0.00 0.07 0.07 0.15 0.00 51
41.856 3108 0 0.52 0.01 0.07 0.08 0.15 0.01 50
41.936 3089 0 0.53 0.01 0.07 0.07 0.15 0.01 49
42.016 3089 0 0.53 0.01 0.07 0.07 0.15 0.01 49
42.096 3095 0 0.53 0.01 0.08 0.08 0.16 0.00 53
42.176 3100 0 0.55 0.00 0.08 0.08 0.19 0.00 89
42.256 3356 0 0.60 0.00 0.08 0.08 0.20 0.00 78
42.336 3465 0 0.65 0.00 0.08 0.09 0.21 0.00 77
42.416 3465 0 0.65 0.00 0.08 0.09 0.21 0.00 77
42.496 3534 0 0.69 0.00 0.08 0.09 0.22 0.00 95
42.576 3684 0 0.73 0.01 0.09 0.10 0.22 0.00 88
42.656 3776 0 0.77 0.02 0.10 0.11 0.23 0.00 97
42.736 3810 0 0.79 0.03 0.11 0.11 0.24 0.00 108
42.816 3810 0 0.79 0.03 0.11 0.11 0.24 0.00 108
42.896 3906 0 0.84 0.02 0.11 0.11 0.25 0.00 103
42.976 3945 0 0.92 0.03 0.12 0.13 0.26 0.00 116
43.056 3963 0 0.94 0.03 0.12 0.13 0.26 0.00 107
43.136 3963 0 0.94 0.03 0.12 0.13 0.26 0.00 107
43.216 3963 0 0.94 0.03 0.12 0.13 0.26 0.00 107
43.296 4083 0 0.96 0.03 0.12 0.14 0.27 0.00 128
43.376 4129 0 0.99 0.05 0.13 0.15 0.29 0.01 139
43.456 4228 0 1.01 0.04 0.13 0.15 0.29 0.01 137
43.536 4228 0 1.01 0.04 0.13 0.15 0.29 0.01 137
43.616 4256 0 1.03 0.03 0.15 0.15 0.30 0.00 141
43.696 4335 0 1.03 0.03 0.13 0.16 0.31 0.00 149
43.776 4409 0 1.07 0.04 0.14 0.17 0.31 0.00 149
43.856 4432 0 1.09 0.04 0.16 0.18 0.33 0.00 163
43.936 4432 0 1.09 0.04 0.16 0.18 0.33 0.00 163
44.016 4463 0 1.11 0.04 0.16 0.18 0.33 0.00 159
44.096 4479 0 1.16 0.04 0.17 0.18 0.33 0.00 159
44.177 4463 0 1.19 0.04 0.17 0.18 0.34 0.00 159
44.257 4530 0 1.22 0.04 0.17 0.19 0.34 0.00 167
44.337 4530 0 1.22 0.04 0.17 0.19 0.34 0.00 167
44.417 4570 0 1.24 0.04 0.18 0.19 0.35 0.00 174
44.497 4583 0 1.24 0.04 0.18 0.19 0.35 0.00 166
44.577 4583 0 1.26 0.04 0.18 0.19 0.35 0.00 177
44.657 4591 0 1.26 0.04 0.18 0.19 0.35 0.00 163
44.737 4591 0 1.26 0.04 0.18 0.19 0.35 0.00 163
44.817 4579 0 1.25 0.04 0.19 0.19 0.35 0.00 166
44.897 4583 0 1.27 0.26 0.18 0.19 0.35 0.00 163
44.977 4595 0 1.27 0.19 0.18 0.18 0.35 0.00 166
45.057 4611 0 1.29 0.17 0.20 0.19 0.35 0.00 170
45.137 4611 0 1.29 0.17 0.20 0.19 0.35 0.00 170
45.217 4587 0 1.28 0.13 0.19 0.19 0.35 0.00 169
45.297 4611 0 1.28 0.10 0.19 0.18 0.35 0.00 170
45.377 4591 0 1.27 0.08 0.19 0.19 0.35 0.00 175
45.457 4591 0 1.27 0.08 0.19 0.19 0.35 0.00 175
45.537 4579 0 1.26 0.05 0.19 0.19 0.35 0.00 166
45.617 4587 0 1.27 0.05 0.18 0.20 0.35 0.00 163
45.697 4591 0 1.27 0.05 0.18 0.20 0.35 0.00 166
45.777 4591 0 1.24 0.03 0.18 0.19 0.34 0.00 161
45.857 4591 0 1.24 0.03 0.18 0.19 0.34 0.00 161
45.937 4599 0 1.24 0.02 0.18 0.19 0.34 0.00 164
46.017 4583 0 1.26 0.03 0.19 0.19 0.35 0.00 171
46.097 4591 0 1.28 0.03 0.18 0.19 0.35 0.00 169
46.177 4603 0 1.27 0.03 0.18 0.19 0.35 0.00 167
46.257 4603 0 1.27 0.03 0.18 0.19 0.35 0.00 167
46.337 4583 0 1.33 0.02 0.18 0.19 0.35 0.00 169
46.417 4583 0 1.30 0.03 0.18 0.20 0.35 0.00 169
46.497 4595 0 1.31 0.03 0.18 0.20 0.35 0.00 169
46.578 4599 0 1.28 0.02 0.18 0.19 0.35 0.00 166
46.658 4599 0 1.28 0.02 0.18 0.19 0.35 0.00 166
46.738 4583 0 1.31 0.01 0.18 0.19 0.35 0.00 171
46.818 4579 0 1.30 0.06 0.18 0.19 0.35 0.01 166
46.898 4599 0 1.28 0.05 0.18 0.19 0.34 0.01 161
46.978 4583 0 1.29 0.04 0.18 0.19 0.34 0.00 166
47.058 4583 0 1.29 0.04 0.18 0.19 0.34 0.00 166
47.138 4637 0 1.11 0.04 0.18 0.19 0.34 0.00 154
47.218 4611 0 1.18 0.04 0.14 0.19 0.34 0.00 173
47.298 4616 0 1.20 0.03 0.16 0.19 0.34 0.00 167
47.378 4616 0 1.20 0.03 0.16 0.19 0.34 0.00 167
47.458 4616 0 1.24 0.03 0.16 0.19 0.35 0.00 173
47.538 4579 0 1.26 0.03 0.18 0.19 0.35 0.01 166
47.618 4591 0 1.27 0.03 0.19 0.20 0.35 0.00 169
47.698 4595 0 1.27 0.02 0.19 0.19 0.35 0.01 166
47.778 4595 0 1.27 0.02 0.19 0.19 0.35 0.01 166
47.858 4587 0 1.27 0.03 0.18 0.19 0.35 0.01 166
47.938 4583 0 1.34 0.02 0.18 0.19 0.33 0.00 141
48.018 4607 0 1.36 0.01 0.18 0.19 0.33 0.00 164
48.098 4583 0 1.35 0.02 0.19 0.19 0.34 0.00 169
48.178 4583 0 1.35 0.02 0.19 0.19 0.34 0.00 169
48.258 4632 0 1.30 0.03 0.19 0.19 0.34 0.04 165
48.338 4579 0 1.26 0.02 0.19 0.20 0.35 0.03 171
48.418 4607 0 1.28 0.01 0.19 0.20 0.35 0.02 170
48.498 4587 0 1.27 0.02 0.19 0.20 0.34 0.01 149
48.578 4587 0 1.27 0.02 0.19 0.20 0.34 0.01 149
48.658 4583 0 1.28 0.04 0.18 0.17 0.34 0.01 166
48.738 4607 0 1.29 0.04 0.19 0.18 0.34 0.01 167
48.818 4595 0 1.30 0.04 0.18 0.18 0.34 0.01 169
48.898 4595 0 1.27 0.04 0.17 0.18 0.34 0.01 166
48.978 4595 0 1.27 0.04 0.17 0.18 0.34 0.01 166
49.058 4587 0 1.28 0.04 0.17 0.19 0.35 0.01 180
49.138 4599 0 1.28 0.04 0.18 0.19 0.35 0.01 166
49.219 4583 0 1.27 0.04 0.19 0.19 0.35 0.01 171
49.299 4583 0 1.27 0.04 0.19 0.19 0.35 0.01 171
49.379 4611 0 1.25 0.03 0.18 0.19 0.35 0.01 164
49.459 4587 0 1.24 0.03 0.18 0.19 0.35 0.01 169
49.539 4595 0 1.26 0.03 0.19 0.19 0.35 0.01 169
49.619 4611 0 1.23 0.04 0.18 0.19 0.35 0.02 164
49.699 4611 0 1.23 0.04 0.18 0.19 0.35 0.02 164
49.779 4583 0 1.25 0.02 0.18 0.18 0.35 0.01 169
49.859 4587 0 1.24 0.03 0.19 0.19 0.32 0.01 121
49.939 4591 0 1.24 0.03 0.18 0.18 0.33 0.01 169
50.019 4587 0 1.24 0.11 0.18 0.19 0.33 0.01 166
50.099 4587 0 1.24 0.11 0.18 0.19 0.33 0.01 166
50.179 4583 0 1.23 0.07 0.18 0.18 0.34 0.01 166
50.259 4591 0 1.28 0.06 0.19 0.18 0.34 0.00 166
50.339 4587 0 1.24 0.06 0.18 0.18 0.34 0.01 169
50.419 4587 0 1.15 0.05 0.18 0.19 0.35 0.01 172
50.499 4587 0 1.15 0.05 0.18 0.19 0.35 0.01 172
50.579 4587 0 1.18 0.06 0.18 0.18 0.35 0.01 163
50.659 4583 0 1.20 0.05 0.18 0.21 0.35 0.01 171
50.739 4607 0 1.23 0.05 0.19 0.20 0.35 0.01 167
50.819 4583 0 1.22 0.05 0.19 0.20 0.35 0.00 166
50.899 4583 0 1.22 0.05 0.19 0.20 0.35 0.00 166
50.979 4628 0 1.23 0.04 0.18 0.20 0.35 0.00 176
51.059 4583 0 1.16 0.04 0.18 0.18 0.35 0.00 169
51.139 4591 0 1.20 0.04 0.18 0.19 0.35 0.00 172
51.219 4591 0 1.20 0.04 0.18 0.19 0.35 0.00 172
51.299 4591 0 1.20 0.04 0.18 0.19 0.35 0.00 172
51.379 4591 0 1.23 0.04 0.18 0.19 0.35 0.00 172
51.459 4587 0 1.24 0.04 0.18 0.19 0.35 0.00 166
51.539 4591 0 1.24 0.04 0.17 0.19 0.35 0.00 169
51.619 4591 0 1.24 0.04 0.17 0.19 0.35 0.00 169
51.699 4587 0 1.33 0.03 0.18 0.19 0.35 0.00 163
51.779 4599 0 1.28 0.03 0.18 0.19 0.35 0.01 166
51.859 4611 0 1.28 0.03 0.19 0.18 0.34 0.00 161
51.939 4587 0 1.29 0.04 0.19 0.19 0.35 0.01 169
52.019 4587 0 1.29 0.04 0.19 0.19 0.35 0.01 169
52.099 4591 0 1.29 0.09 0.19 0.19 0.35 0.00 177
52.179 4587 0 1.27 0.07 0.19 0.19 0.35 0.00 169
52.260 4595 0 1.27 0.05 0.18 0.20 0.35 0.00 169
52.340 4616 0 1.27 0.03 0.19 0.20 0.35 0.00 173
52.420 4616 0 1.27 0.03 0.19 0.20 0.35 0.00 173
52.500 4595 0 1.28 0.03 0.19 0.20 0.35 0.00 169
52.580 4591 0 1.28 0.04 0.18 0.19 0.35 0.00 169
52.660 4603 0 1.27 0.02 0.16 0.19 0.35 0.00 172
52.740 4583 0 1.26 0.03 0.17 0.19 0.35 0.00 169
52.820 4583 0 1.26 0.03 0.17 0.19 0.35 0.00 169
52.900 4591 0 1.26 0.03 0.17 0.19 0.35 0.00 163
52.980 4616 0 1.26 0.02 0.17 0.20 0.35 0.00 170
53.060 4591 0 1.27 0.01 0.18 0.20 0.35 0.00 163
53.140 4591 0 1.27 0.01 0.18 0.20 0.35 0.00 163
53.220 4591 0 1.27 0.01 0.18 0.20 0.35 0.00 163
53.300 4583 0 1.26 0.02 0.18 0.20 0.35 0.00 169
53.380 4587 0 1.30 0.02 0.18 0.20 0.33 0.00 141
53.460 4637 0 1.27 0.04 0.18 0.20 0.34 0.00 174
53.540 4637 0 1.27 0.04 0.18 0.20 0.34 0.00 174
53.620 4595 0 1.28 0.04 0.18 0.20 0.34 0.01 172
53.700 4583 0 1.23 0.02 0.19 0.20 0.35 0.01 169
53.780 4579 0 1.24 0.04 0.18 0.20 0.34 0.01 163
53.860 4587 0 1.22 0.03 0.19 0.20 0.35 0.01 169
53.940 4587 0 1.22 0.03 0.19 0.20 0.35 0.01 169
54.020 4599 0 1.23 0.02 0.19 0.20 0.34 0.00 164
54.100 4579 0 1.22 0.05 0.19 0.19 0.34 0.00 163
54.180 4574 0 1.23 0.05 0.18 0.24 0.35 0.01 168
54.260 4591 0 1.24 0.04 0.19 0.23 0.35 0.01 166
54.340 4591 0 1.24 0.04 0.19 0.23 0.35 0.01 166
54.420 4587 0 1.23 0.04 0.19 0.22 0.35 0.01 169
54.500 4599 0 1.24 0.04 0.19 0.21 0.35 0.00 164
54.580 4595 0 1.19 0.03 0.19 0.20 0.35 0.00 166
54.661 4583 0 1.22 0.03 0.19 0.20 0.35 0.00 166
54.741 4583 0 1.22 0.03 0.19 0.20 0.35 0.00 166
54.821 4583 0 1.22 0.03 0.25 0.19 0.34 0.00 163
54.901 4587 0 1.23 0.04 0.22 0.20 0.35 0.00 169
54.981 4624 0 1.24 0.02 0.21 0.20 0.36 0.00 184
55.061 4583 0 1.24 0.03 0.20 0.19 0.36 0.01 171
55.141 4583 0 1.24 0.03 0.20 0.19 0.36 0.01 171
55.221 4616 0 1.24 0.03 0.20 0.19 0.35 0.01 167
55.301 4583 0 1.25 0.03 0.20 0.19 0.35 0.01 160
55.381 4579 0 1.26 0.02 0.19 0.19 0.35 0.01 174
55.461 4579 0 1.26 0.02 0.19 0.19 0.35 0.01 174
55.541 4595 0 1.26 0.04 0.19 0.19 0.35 0.01 169
55.621 4591 0 1.28 0.04 0.19 0.19 0.35 0.00 169
55.701 4587 0 1.27 0.04 0.18 0.19 0.35 0.00 166
55.781 4558 0 1.24 0.04 0.18 0.20 0.35 0.00 171
55.861 4558 0 1.24 0.04 0.18 0.20 0.35 0.00 171
55.941 4616 0 1.27 0.04 0.18 0.19 0.35 0.00 167
56.021 4587 0 1.27 0.04 0.18 0.19 0.35 0.00 169
56.101 4607 0 1.27 0.04 0.19 0.19 0.35 0.01 170
56.181 4595 0 1.26 0.04 0.19 0.20 0.35 0.00 169
56.261 4595 0 1.26 0.04 0.19 0.20 0.35 0.00 169
56.341 4579 0 1.27 0.04 0.19 0.20 0.35 0.00 169
56.421 4583 0 1.25 0.03 0.18 0.20 0.35 0.00 160
56.501 4599 0 1.26 0.03 0.18 0.20 0.35 0.00 172
56.581 4591 0 1.26 0.03 0.18 0.17 0.35 0.00 166
56.661 4591 0 1.26 0.03 0.18 0.17 0.35 0.00 166
56.741 4583 0 1.24 0.04 0.18 0.18 0.35 0.00 166
56.821 4587 0 1.25 0.05 0.18 0.18 0.35 0.00 172
56.901 4591 0 1.23 0.03 0.18 0.21 0.35 0.00 169
56.981 4591 0 1.24 0.04 0.18 0.21 0.35 0.00 172
57.061 4591 0 1.24 0.04 0.18 0.21 0.35 0.00 172
57.141 4611 0 1.23 0.02 0.18 0.20 0.35 0.00 167
57.221 4591 0 1.25 0.03 0.18 0.20 0.35 0.01 172
57.301 4587 0 1.26 0.02 0.18 0.20 0.35 0.00 169
57.381 4587 0 1.26 0.02 0.18 0.20 0.35 0.00 169
57.461 4628 0 1.23 0.03 0.18 0.19 0.35 0.02 170
57.541 4591 0 1.25 0.02 0.18 0.19 0.35 0.01 166
57.622 4591 0 1.25 0.04 0.20 0.19 0.35 0.01 169
57.702 4583 0 1.25 0.03 0.20 0.19 0.35 0.01 169
57.782 4583 0 1.25 0.03 0.20 0.19 0.35 0.01 169
57.862 4579 0 1.24 0.02 0.20 0.19 0.35 0.01 169
57.942 4607 0 1.27 0.02 0.17 0.19 0.35 0.01 172
58.022 4595 0 1.26 0.03 0.18 0.18 0.35 0.00 166
58.102 4587 0 1.26 0.03 0.18 0.19 0.35 0.00 172
58.182 4587 0 1.26 0.03 0.18 0.19 0.35 0.00 172
58.262 4616 0 1.28 0.02 0.18 0.19 0.35 0.00 170
58.342 4583 0 1.27 0.04 0.18 0.19 0.35 0.01 171
58.422 4595 0 1.29 0.04 0.18 0.20 0.36 0.00 175
58.502 4653 0 1.31 0.04 0.19 0.20 0.38 0.00 203
58.582 4653 0 1.31 0.04 0.19 0.20 0.38 0.00 203
58.662 4757 0 1.34 0.04 0.19 0.20 0.38 0.00 196
58.742 4797 0 1.39 0.04 0.20 0.21 0.40 0.00 221
58.822 4893 0 1.43 0.04 0.21 0.21 0.41 0.00 216
58.902 5008 0 1.47 0.04 0.21 0.22 0.42 0.00 233
58.982 5008 0 1.47 0.04 0.21 0.22 0.42 0.00 233
59.062 5052 0 1.51 0.03 0.21 0.22 0.43 0.00 236
59.142 5072 0 1.54 0.03 0.22 0.23 0.44 0.00 243
59.222 5133 0 1.57 0.03 0.22 0.23 0.44 0.00 242
59.302 5133 0 1.57 0.03 0.22 0.23 0.44 0.00 242
59.382 5259 0 1.60 0.06 0.23 0.24 0.45 0.00 252
59.462 5211 0 1.63 0.05 0.24 0.25 0.45 0.00 256
59.542 5211 0 1.66 0.04 0.24 0.25 0.47 0.00 269
59.622 5292 0 1.70 0.04 0.25 0.25 0.48 0.00 279
59.702 5292 0 1.70 0.04 0.25 0.25 0.48 0.00 279
59.782 5404 0 1.75 0.05 0.26 0.27 0.49 0.00 292
59.862 5461 0 1.79 0.06 0.26 0.28 0.50 0.00 298
59.942 5526 0 1.83 0.05 0.27 0.28 0.51 0.00 312
60.022 5532 0 1.87 0.05 0.27 0.28 0.51 0.00 299
60.102 5532 0 1.87 0.05 0.27 0.28 0.51 0.00 299
60.182 5574 0 1.93 0.05 0.27 0.29 0.52 0.01 311
60.262 5629 0 1.93 0.04 0.28 0.29 0.52 0.01 304
60.342 5641 0 1.96 0.05 0.28 0.30 0.53 0.00 318
60.422 5648 0 1.98 0.05 0.29 0.29 0.53 0.00 319
60.502 5648 0 1.98 0.05 0.29 0.29 0.53 0.00 319
60.582 5648 0 1.99 0.06 0.28 0.30 0.53 0.00 315
60.663 5666 0 1.99 0.05 0.29 0.30 0.53 0.01 320
60.743 5679 0 1.99 0.05 0.29 0.31 0.54 0.00 321
60.823 5660 0 2.00 0.05 0.29 0.31 0.53 0.00 316
60.903 5660 0 2.00 0.05 0.29 0.31 0.53 0.00 316
60.983 5685 0 2.02 0.06 0.29 0.31 0.55 0.00 345
61.063 5685 0 2.03 0.06 0.29 0.30 0.54 0.02 317
61.143 5685 0 2.02 0.06 0.29 0.30 0.54 0.01 321
61.223 5685 0 2.02 0.06 0.29 0.30 0.54 0.01 321
61.303 5685 0 2.02 0.06 0.29 0.30 0.54 0.01 321
61.383 5673 0 2.02 0.06 0.30 0.30 0.54 0.01 317
61.463 5648 0 2.01 0.06 0.30 0.30 0.54 0.01 315
61.543 5685 0 2.02 0.26 0.29 0.30 0.54 0.01 321
61.623 5685 0 2.02 0.26 0.29 0.30 0.54 0.01 321
61.703 5648 0 1.73 0.19 0.29 0.30 0.54 0.01 319
61.783 5679 0 1.83 0.13 0.29 0.30 0.54 0.01 317
61.863 5666 0 1.88 0.11 0.29 0.30 0.54 0.01 323
61.943 5710 0 1.94 0.09 0.29 0.30 0.54 0.01 326
62.023 5710 0 1.94 0.09 0.29 0.30 0.54 0.01 326
62.103 5704 0 1.98 0.07 0.29 0.31 0.54 0.00 325
62.183 5723 0 2.00 0.10 0.30 0.31 0.54 0.00 327
62.263 5730 0 2.05 0.09 0.30 0.31 0.55 0.01 344
62.343 5723 0 2.07 0.09 0.30 0.31 0.55 0.01 323
62.423 5723 0 2.07 0.09 0.30 0.31 0.55 0.01 323
62.503 5730 0 2.07 0.15 0.30 0.31 0.55 0.01 334
62.583 5762 0 2.07 0.11 0.30 0.31 0.55 0.01 332
62.663 5762 0 2.08 0.10 0.30 0.31 0.55 0.01 336
62.743 5755 0 2.08 0.08 0.30 0.32 0.55 0.01 335
62.823 5755 0 2.08 0.08 0.30 0.32 0.55 0.01 335
62.903 5788 0 2.08 0.08 0.30 0.31 0.55 0.01 334
62.983 5762 0 2.02 0.08 0.30 0.31 0.55 0.01 332
63.063 5723 0 2.04 0.07 0.30 0.31 0.55 0.01 323
63.144 5723 0 2.04 0.07 0.30 0.31 0.55 0.01 323
63.224 5723 0 2.04 0.07 0.30 0.31 0.55 0.01 323
63.304 5742 0 2.05 0.07 0.30 0.31 0.55 0.01 324
63.384 5730 0 2.06 0.07 0.29 0.31 0.55 0.01 334
63.464 5749 0 2.06 0.07 0.29 0.31 0.55 0.01 339
63.544 5749 0 2.06 0.07 0.29 0.31 0.55 0.01 339
63.624 5749 0 2.06 0.05 0.30 0.31 0.55 0.01 332
63.704 5749 0 2.05 0.06 0.30 0.32 0.55 0.01 332
63.784 5749 0 2.05 0.08 0.31 0.32 0.55 0.01 324
63.864 5781 0 2.04 0.08 0.31 0.32 0.55 0.01 337
63.944 5781 0 2.04 0.08 0.31 0.32 0.55 0.01 337
64.024 5775 0 2.05 0.08 0.30 0.31 0.55 0.01 333
64.104 5749 0 2.04 0.08 0.30 0.31 0.55 0.01 335
64.184 5749 0 2.05 0.07 0.30 0.31 0.55 0.01 332
64.264 5730 0 2.06 0.07 0.30 0.32 0.55 0.01 334
64.344 5730 0 2.06 0.07 0.30 0.32 0.55 0.01 334
64.424 5742 0 2.07 0.06 0.30 0.31 0.55 0.00 328
64.504 5730 0 2.06 0.05 0.30 0.31 0.55 0.00 330
64.584 5730 0 2.06 0.05 0.30 0.31 0.55 0.00 330
64.664 5742 0 2.02 0.07 0.30 0.31 0.55 0.00 331
64.744 5742 0 2.02 0.07 0.30 0.31 0.55 0.00 331
64.824 5730 0 2.03 0.07 0.30 0.31 0.55 0.01 330
64.904 5723 0 2.03 0.09 0.30 0.32 0.55 0.01 330
64.984 5730 0 2.03 0.08 0.30 0.33 0.55 0.01 330
65.064 5730 0 2.03 0.08 0.30 0.33 0.55 0.01 330
65.144 5730 0 2.03 0.08 0.30 0.33 0.55 0.01 330
65.224 5736 0 2.03 0.07 0.29 0.32 0.55 0.01 327
65.304 5742 0 2.03 0.05 0.29 0.32 0.55 0.01 328
65.384 5730 0 2.03 0.04 0.32 0.32 0.55 0.01 327
65.464 5730 0 2.03 0.04 0.32 0.32 0.55 0.01 327
65.544 5736 0 2.03 0.04 0.31 0.31 0.49 0.01 222
65.624 5723 0 2.06 0.04 0.31 0.32 0.51 0.01 327
65.704 5730 0 2.05 0.05 0.31 0.31 0.52 0.01 327
65.784 5730 0 2.04 0.06 0.30 0.32 0.53 0.01 330
65.864 5730 0 2.04 0.06 0.30 0.32 0.53 0.01 330
65.944 5730 0 2.05 0.05 0.30 0.32 0.54 0.01 330
66.025 5730 0 2.06 0.05 0.30 0.32 0.53 0.01 316
66.105 5730 0 2.05 0.03 0.29 0.31 0.54 0.01 327
66.185 5730 0 2.04 0.04 0.29 0.32 0.54 0.01 327
66.265 5730 0 2.04 0.04 0.29 0.32 0.54 0.01 327
66.345 5749 0 2.04 0.04 0.29 0.31 0.55 0.01 342
66.425 5730 0 2.04 0.05 0.29 0.32 0.55 0.01 330
66.505 5730 0 2.04 0.05 0.29 0.31 0.55 0.01 327
66.585 5723 0 2.03 0.03 0.29 0.31 0.55 0.00 327
66.665 5723 0 2.03 0.03 0.29 0.31 0.55 0.00 327
66.745 5749 0 2.05 0.05 0.30 0.31 0.55 0.00 332
66.825 5742 0 2.05 0.06 0.29 0.31 0.55 0.00 331
66.905 5730 0 2.05 0.06 0.30 0.31 0.55 0.01 327
66.985 5730 0 2.04 0.07 0.30 0.31 0.55 0.01 330
67.065 5730 0 2.04 0.07 0.30 0.31 0.55 0.01 330
67.145 5723 0 2.04 0.07 0.29 0.31 0.55 0.01 327
67.225 5736 0 2.02 0.06 0.30 0.32 0.55 0.01 334
67.305 5742 0 2.01 0.07 0.29 0.32 0.55 0.01 331
67.385 5742 0 2.01 0.07 0.29 0.32 0.55 0.01 331
67.465 5730 0 2.02 0.06 0.30 0.32 0.52 0.01 281
67.545 5730 0 2.02 0.05 0.29 0.31 0.54 0.01 337
67.625 5730 0 2.04 0.05 0.30 0.31 0.54 0.01 337
67.705 5736 0 2.02 0.04 0.30 0.31 0.54 0.01 327
67.785 5736 0 2.02 0.04 0.30 0.31 0.54 0.01 327
67.865 5730 0 2.04 0.04 0.30 0.31 0.55 0.01 330
67.945 5723 0 2.04 0.04 0.30 0.32 0.55 0.01 330
68.025 5736 0 2.02 0.04 0.30 0.31 0.54 0.01 320
68.105 5723 0 2.04 0.10 0.30 0.31 0.54 0.01 327
68.185 5723 0 2.04 0.10 0.30 0.31 0.54 0.01 327
68.265 5742 0 2.04 0.41 0.29 0.30 0.55 0.01 331
68.345 5749 0 2.05 0.30 0.30 0.31 0.55 0.01 332
68.425 5723 0 2.04 0.23 0.30 0.31 0.55 0.01 334
68.505 5749 0 2.04 0.17 0.30 0.31 0.55 0.01 328
68.585 5749 0 2.04 0.17 0.30 0.31 0.55 0.01 328
68.666 5736 0 2.04 0.13 0.30 0.31 0.55 0.01 331
68.746 5730 0 2.02 0.11 0.29 0.31 0.55 0.01 334
68.826 5730 0 2.01 0.10 0.30 0.31 0.55 0.01 327
68.906 5730 0 2.01 0.09 0.30 0.32 0.54 0.01 320
68.986 5730 0 2.01 0.09 0.30 0.32 0.54 0.01 320
69.066 5730 0 2.00 0.09 0.31 0.32 0.55 0.01 330
69.146 5742 0 2.01 0.09 0.31 0.31 0.55 0.01 331
69.226 5736 0 2.03 0.08 0.30 0.31 0.55 0.01 334
69.306 5736 0 2.03 0.08 0.30 0.31 0.55 0.01 334
69.386 5723 0 2.03 0.08 0.30 0.31 0.55 0.01 330
69.466 5742 0 2.02 0.08 0.30 0.30 0.55 0.01 331
69.546 5730 0 2.02 0.08 0.30 0.31 0.55 0.01 334
69.626 5723 0 2.04 0.08 0.31 0.30 0.55 0.01 330
69.706 5723 0 2.04 0.08 0.31 0.30 0.55 0.01 330
69.786 5730 0 2.05 0.08 0.31 0.31 0.55 0.01 330
69.866 5736 0 1.99 0.08 0.30 0.31 0.55 0.01 334
69.946 5736 0 2.03 0.08 0.30 0.31 0.55 0.01 331
70.026 5723 0 2.02 0.12 0.29 0.31 0.55 0.01 327
70.106 5723 0 2.02 0.12 0.29 0.31 0.55 0.01 327
70.186 5736 0 2.02 0.12 0.29 0.31 0.55 0.01 331
70.266 5730 0 2.03 0.09 0.29 0.31 0.55 0.01 323
70.346 5742 0 2.01 0.07 0.29 0.31 0.55 0.01 342
70.426 5730 0 2.01 0.08 0.29 0.31 0.55 0.01 330
70.506 5730 0 2.01 0.08 0.29 0.31 0.55 0.01 330
70.586 5730 0 2.02 0.09 0.29 0.31 0.55 0.01 334
70.666 5710 0 2.00 0.09 0.29 0.32 0.55 0.01 329
70.746 5704 0 1.97 0.10 0.29 0.31 0.54 0.01 297
70.826 5623 0 1.94 0.08 0.28 0.30 0.51 0.01 276
70.906 5623 0 1.94 0.08 0.28 0.30 0.51 0.01 276
70.987 5449 0 1.89 0.07 0.27 0.29 0.49 0.01 247
71.067 5292 0 1.84 0.07 0.26 0.27 0.47 0.01 234
71.147 5211 0 1.74 0.06 0.27 0.27 0.43 0.01 192
71.227 5211 0 1.74 0.06 0.27 0.27 0.43 0.01 192
71.307 5211 0 1.74 0.06 0.27 0.27 0.43 0.01 192
71.387 4775 0 1.57 0.04 0.24 0.24 0.38 0.01 135
71.467 4482 0 1.39 0.04 0.22 0.21 0.33 0.01 107
71.547 4245 0 1.25 0.03 0.19 0.19 0.30 0.01 99
71.627 4245 0 1.25 0.03 0.19 0.19 0.30 0.01 99
71.707 4003 0 1.11 0.03 0.16 0.17 0.25 0.00 61
71.787 4003 0 0.90 0.08 0.14 0.14 0.19 0.01 29
71.867 3250 0 0.77 0.06 0.11 0.11 0.14 0.02 12
71.947 2793 0 0.67 0.04 0.08 0.09 0.10 0.01 3
72.027 2793 0 0.67 0.04 0.08 0.09 0.10 0.01 3
72.107 2423 0 0.52 0.04 0.06 0.07 0.07 0.01 0
72.187 2108 0 0.41 0.03 0.05 0.06 0.05 0.01 0
72.267 1867 0 0.29 0.02 0.04 0.04 0.03 0.00 1
72.347 1660 0 0.21 0.01 0.03 0.04 0.02 0.00 1
72.427 1660 0 0.21 0.01 0.03 0.04 0.02 0.00 1
72.507 1492 0 0.17 0.01 0.02 0.03 0.02 0.00 1
72.587 1317 0 0.13 0.01 0.02 0.03 0.01 0.00 1
72.667 1194 0 0.10 0.00 0.02 0.02 0.01 0.00 1
72.747 1085 0 0.07 0.02 0.01 0.02 0.01 0.00 1
72.827 1085 0 0.07 0.02 0.01 0.02 0.01 0.00 1
72.907 986 0 0.06 0.01 0.01 0.01 0.01 0.00 1
72.987 899 0 0.05 0.01 0.01 0.01 0.01 0.00 1
73.067 800 0 0.04 0.00 0.00 0.01 0.01 0.00 0
73.147 800 0 0.04 0.00 0.00 0.01 0.01 0.00 0
73.227 800 0 0.04 0.00 0.00 0.01 0.01 0.00 0
73.307 658 0 0.04 0.00 0.01 0.01 0.00 0.00 0
73.388 594 0 0.04 0.00 0.01 0.01 0.00 0.00 0
73.468 533 0 0.04 0.00 0.01 0.01 0.00 0.00 0
73.548 533 0 0.04 0.00 0.01 0.01 0.00 0.00 0
73.628 480 0 0.04 0.00 0.01 0.01 0.00 0.00 0
73.708 418 0 0.04 0.01 0.01 0.01 0.00 0.00 0
73.788 364 0 0.04 0.01 0.01 0.01 0.00 0.00 0
73.868 321 0 0.03 0.01 0.01 0.01 0.00 0.00 0
73.948 321 0 0.03 0.01 0.01 0.01 0.00 0.00 0
74.028 275 0 0.02 0.00 0.01 0.01 0.00 0.00 0
