0.000 0 0 0.00 0.00 0.00 0.00 0.00 0.00 0 0.00
0.080 0 0 0.01 0.00 0.00 0.00 0.00 0.00 0 0.02
0.160 0 0 0.02 0.03 0.00 0.00 0.00 0.00 0 0.05
0.240 0 0 0.02 0.03 0.00 0.00 0.00 0.00 0 0.05
0.320 0 0 0.01 0.02 0.01 0.00 0.01 0.00 0 0.04
0.400 0 0 0.01 0.02 0.01 0.01 0.01 0.00 0 0.05
0.480 0 0 0.01 0.03 0.01 0.00 0.01 0.00 0 0.05
0.560 0 0 0.02 0.02 0.01 0.00 0.00 0.00 0 0.05
0.640 0 0 0.02 0.02 0.01 0.00 0.00 0.00 0 0.05
0.720 0 0 0.01 0.03 0.01 0.01 0.00 0.00 0 0.05
0.800 0 0 0.02 0.02 0.01 0.01 0.01 0.00 0 0.05
0.880 0 0 0.01 0.01 0.01 0.00 0.00 0.00 0 0.04
0.961 0 0 0.02 0.02 0.01 0.01 0.00 0.00 0 0.06
1.041 0 0 0.02 0.02 0.01 0.01 0.00 0.00 0 0.06
1.121 0 0 0.01 0.03 0.01 0.00 0.00 0.00 0 0.05
1.201 0 0 0.01 0.03 0.01 0.01 0.01 0.00 0 0.06
1.281 0 0 0.02 0.02 0.01 0.00 0.01 0.00 0 0.05
1.361 0 0 0.02 0.02 0.01 0.00 0.01 0.00 0 0.05
1.441 0 0 0.02 0.02 0.01 0.00 0.01 0.00 0 0.05
1.521 0 0 0.01 0.01 0.01 0.00 0.01 0.00 0 0.04
1.601 0 0 0.01 0.01 0.01 0.01 0.01 0.00 0 0.03
1.681 0 0 0.01 0.01 0.01 0.01 0.01 0.00 0 0.03
1.761 0 0 0.01 0.01 0.01 0.01 0.01 0.00 0 0.03
1.841 0 0 0.00 0.00 0.01 0.00 0.01 0.00 0 0.02
1.921 0 0 0.02 0.02 0.01 0.00 0.01 0.00 0 0.04
2.001 0 0 0.01 0.01 0.01 0.01 0.00 0.00 0 0.03
2.081 0 0 0.01 0.02 0.01 0.00 0.01 0.00 0 0.04
2.161 0 0 0.01 0.02 0.01 0.00 0.01 0.00 0 0.04
2.241 0 0 0.02 0.01 0.01 0.00 0.01 0.00 0 0.04
2.321 0 0 0.01 0.02 0.01 0.00 0.01 0.00 0 0.04
2.401 0 0 0.01 0.01 0.01 0.00 0.00 0.00 0 0.03
2.481 0 0 0.01 0.01 0.00 0.00 0.00 0.00 0 0.02
2.561 0 0 0.01 0.01 0.00 0.00 0.00 0.00 0 0.02
2.641 0 0 0.00 0.02 0.00 0.00 0.01 0.00 0 0.03
2.721 0 0 0.02 0.03 0.00 0.00 0.01 0.00 0 0.05
2.801 0 0 0.01 0.03 0.01 0.00 0.01 0.00 0 0.05
2.881 0 0 0.01 0.03 0.01 0.00 0.00 0.00 0 0.05
2.961 0 0 0.01 0.03 0.01 0.00 0.00 0.00 0 0.05
3.041 0 0 0.02 0.02 0.01 0.00 0.01 0.00 0 0.05
3.121 0 0 0.01 0.02 0.01 0.01 0.01 0.00 0 0.04
3.201 0 0 0.01 0.01 0.01 0.00 0.00 0.00 0 0.03
3.281 0 0 0.01 0.02 0.01 0.00 0.00 0.00 0 0.04
3.361 0 0 0.01 0.02 0.01 0.00 0.00 0.00 0 0.04
3.441 0 0 0.02 0.03 0.01 0.00 0.01 0.00 0 0.05
3.522 0 0 0.02 0.02 0.01 0.00 0.01 0.00 0 0.05
3.602 0 0 0.03 0.01 0.01 0.00 0.01 0.00 0 0.05
3.682 0 0 0.03 0.01 0.01 0.00 0.01 0.00 0 0.05
3.762 0 0 0.03 0.01 0.01 0.00 0.01 0.00 0 0.05
3.842 0 0 0.02 0.02 0.01 0.00 0.01 0.00 0 0.05
3.922 0 0 0.01 0.03 0.01 0.00 0.01 0.00 0 0.05
4.002 0 0 0.01 0.04 0.01 0.01 0.01 0.00 0 0.07
4.082 0 0 0.01 0.04 0.01 0.01 0.01 0.00 0 0.07
4.162 0 0 0.02 0.03 0.01 0.00 0.01 0.00 0 0.06
4.242 0 0 0.01 0.03 0.01 0.00 0.01 0.00 0 0.06
4.322 0 0 0.02 0.03 0.01 0.00 0.01 0.00 0 0.07
4.402 0 0 0.03 0.02 0.01 0.00 0.00 0.00 0 0.06
4.482 0 0 0.03 0.02 0.01 0.00 0.00 0.00 0 0.06
4.562 0 0 0.02 0.02 0.01 0.00 0.01 0.00 0 0.04
4.642 0 0 0.01 0.02 0.01 0.00 0.01 0.00 0 0.05
4.722 0 0 0.02 0.02 0.01 0.00 0.01 0.00 0 0.05
4.802 0 0 0.03 0.02 0.01 0.00 0.01 0.00 0 0.06
4.882 0 0 0.03 0.02 0.01 0.00 0.01 0.00 0 0.06
4.962 0 0 0.02 0.02 0.01 0.00 0.01 0.00 0 0.04
5.042 0 0 0.01 0.01 0.01 0.00 0.00 0.00 0 0.03
5.122 0 0 0.01 0.02 0.01 0.00 0.00 0.00 0 0.04
5.202 0 0 0.01 0.03 0.01 0.00 0.01 0.00 0 0.04
5.282 0 0 0.01 0.03 0.01 0.00 0.01 0.00 0 0.04
5.362 0 0 0.00 0.02 0.01 0.00 0.01 0.00 0 0.03
5.442 0 0 0.02 0.01 0.01 0.00 0.00 0.00 0 0.03
5.522 0 0 0.02 0.01 0.01 0.00 0.00 0.00 0 0.04
5.602 0 0 0.03 0.01 0.01 0.00 0.00 0.00 0 0.04
5.682 0 0 0.03 0.01 0.01 0.00 0.00 0.00 0 0.04
5.762 0 0 0.02 0.02 0.00 0.00 0.00 0.00 0 0.04
5.842 0 0 0.03 0.01 0.01 0.00 0.01 0.00 0 0.04
5.922 0 0 0.03 0.02 0.01 0.00 0.01 0.00 0 0.06
6.002 0 0 0.03 0.02 0.01 0.00 0.01 0.00 0 0.06
6.082 0 0 0.03 0.02 0.01 0.00 0.01 0.00 0 0.06
6.162 0 0 0.03 0.01 0.01 0.00 0.01 0.00 0 0.06
6.242 0 0 0.03 0.01 0.01 0.00 0.01 0.00 0 0.05
6.322 0 0 0.02 0.02 0.01 0.00 0.01 0.00 0 0.05
6.402 0 0 0.02 0.02 0.01 0.00 0.01 0.00 0 0.05
6.482 0 0 0.02 0.01 0.01 0.00 0.01 0.00 0 0.04
6.562 0 0 0.01 0.01 0.01 0.00 0.01 0.00 0 0.03
6.643 0 0 0.01 0.01 0.01 0.00 0.01 0.00 0 0.03
6.723 0 0 0.01 0.02 0.01 0.00 0.01 0.00 0 0.04
6.803 0 0 0.01 0.02 0.01 0.00 0.01 0.00 0 0.04
6.883 0 0 0.00 0.01 0.01 0.00 0.01 0.00 0 0.02
6.963 0 0 0.01 0.01 0.01 0.00 0.00 0.00 0 0.03
7.043 0 0 0.02 0.01 0.01 0.00 0.01 0.00 0 0.03
7.123 0 0 0.03 0.00 0.01 0.00 0.01 0.00 0 0.04
7.203 0 0 0.03 0.00 0.01 0.00 0.01 0.00 0 0.04
7.283 0 0 0.02 0.00 0.01 0.00 0.01 0.00 0 0.03
7.363 0 0 0.03 0.01 0.01 0.00 0.01 0.00 0 0.05
7.865 0 0 0.13 0.14 -0.01 -0.00 0.03 -0.00 0 0.27
7.945 0 0 0.10 0.10 -0.00 -0.00 0.02 -0.00 0 0.19
8.025 0 0 0.09 0.08 -0.00 0.00 0.01 -0.00 0 0.17
8.105 0 0 0.09 0.08 -0.00 0.00 0.01 -0.00 0 0.17
8.185 0 0 0.09 0.05 -0.00 0.00 0.01 -0.00 0 0.15
8.265 0 0 0.07 0.05 -0.00 0.00 0.01 -0.00 0 0.12
8.346 0 0 0.07 0.03 0.00 0.01 0.01 -0.00 0 0.12
8.426 0 0 0.06 0.02 0.00 0.01 0.01 0.00 0 0.09
8.506 0 0 0.06 0.02 0.00 0.01 0.01 0.00 0 0.09
8.586 0 0 0.07 0.03 0.00 0.01 0.01 0.00 0 0.10
8.666 0 0 0.07 0.03 0.00 0.01 0.01 0.00 0 0.11
8.746 0 0 0.06 0.03 0.01 0.00 0.01 0.00 0 0.10
8.826 0 0 0.06 0.03 0.01 0.00 0.01 0.00 0 0.10
8.906 0 0 0.06 0.03 0.01 0.00 0.01 0.00 0 0.10
8.986 0 0 0.05 0.02 0.01 0.00 0.01 0.00 0 0.09
9.066 0 0 0.05 0.04 0.00 0.00 0.01 0.00 0 0.10
9.146 0 0 0.05 0.04 0.00 0.01 0.01 0.00 0 0.10
9.226 0 0 0.05 0.04 0.00 0.01 0.01 0.00 0 0.10
9.306 0 0 0.04 0.03 0.01 0.01 0.01 0.00 0 0.08
9.386 0 0 0.04 0.02 0.00 0.01 0.01 0.00 0 0.07
9.466 0 0 0.05 0.01 0.00 0.01 0.01 0.00 0 0.08
9.546 0 0 0.05 0.01 0.00 0.01 0.01 0.00 0 0.07
9.626 0 0 0.05 0.01 0.00 0.01 0.01 0.00 0 0.07
9.706 0 0 0.06 0.01 0.00 0.00 0.01 0.00 0 0.07
9.786 0 0 0.05 0.00 0.00 0.00 0.01 0.00 0 0.06
9.866 0 0 0.06 0.00 0.00 0.00 0.01 0.00 0 0.07
9.946 0 0 0.05 0.00 0.00 0.00 0.01 0.00 0 0.06
10.026 0 0 0.05 0.00 0.00 0.00 0.01 0.00 0 0.06
10.106 0 0 0.05 0.00 0.00 0.00 0.01 0.00 0 0.06
10.186 0 0 0.05 0.00 0.00 0.00 0.01 0.00 0 0.05
10.266 0 0 0.04 0.00 0.00 0.00 0.01 0.00 0 0.05
10.346 0 0 0.04 0.01 0.00 0.00 0.01 0.00 0 0.06
10.426 0 0 0.04 0.01 0.00 0.00 0.01 0.00 0 0.06
10.506 0 0 0.04 0.01 0.00 0.00 0.01 0.00 0 0.06
10.586 0 0 0.04 0.02 0.00 0.00 0.00 0.00 0 0.06
10.666 0 0 0.04 0.03 0.01 0.00 0.01 0.00 0 0.07
10.746 0 0 0.04 0.03 0.00 0.00 0.01 0.00 0 0.07
10.826 0 0 0.04 0.03 0.00 0.00 0.01 0.00 0 0.07
10.906 0 0 0.03 0.03 0.00 0.00 0.01 0.00 0 0.06
10.987 0 0 0.04 0.02 0.00 0.00 0.01 0.00 0 0.07
11.067 0 0 0.04 0.03 0.00 0.00 0.01 0.00 0 0.07
11.147 0 0 0.04 0.03 0.00 0.00 0.01 0.00 0 0.07
11.227 0 0 0.04 0.03 0.00 0.00 0.01 0.00 0 0.07
11.307 0 0 0.04 0.03 0.00 0.00 0.01 0.00 0 0.08
11.387 0 0 0.04 0.03 0.00 0.00 0.01 0.00 0 0.08
11.467 0 0 0.05 0.04 0.00 0.00 0.00 0.00 0 0.09
11.547 0 0 0.05 0.04 0.00 0.00 0.00 0.00 0 0.09
11.627 0 0 0.06 0.04 0.00 0.00 0.00 0.00 0 0.10
11.707 0 0 0.05 0.02 0.00 0.00 0.01 0.00 0 0.09
11.787 0 0 0.06 0.03 0.00 0.00 0.01 0.00 0 0.10
11.867 0 0 0.05 0.02 0.00 0.00 0.01 0.00 0 0.08
11.947 0 0 0.05 0.02 0.00 0.00 0.01 0.00 0 0.08
12.027 0 0 0.04 0.01 0.00 0.00 0.01 0.00 0 0.05
12.107 0 0 0.04 0.01 0.00 0.00 0.01 0.00 0 0.05
12.187 0 0 0.03 0.01 0.00 0.00 0.01 0.00 0 0.04
12.267 0 0 0.03 0.00 0.00 0.00 0.01 0.00 0 0.04
12.347 0 0 0.03 0.00 0.00 0.00 0.01 0.00 0 0.04
12.427 0 0 0.03 0.00 0.01 0.00 0.01 0.00 0 0.04
12.507 0 0 0.05 0.01 0.01 0.00 0.01 0.00 0 0.07
12.587 0 0 0.03 0.01 0.00 0.00 0.01 0.00 0 0.05
12.667 0 0 0.03 0.01 0.00 0.00 0.01 0.00 0 0.05
12.747 0 0 0.03 0.01 0.00 0.00 0.01 0.00 0 0.05
12.827 0 0 0.05 0.00 0.00 0.00 0.01 0.00 0 0.06
12.907 0 0 0.05 0.02 0.00 0.00 0.01 0.00 0 0.07
12.987 0 0 0.04 0.01 0.00 0.00 0.01 0.00 0 0.06
13.067 0 0 0.05 0.02 0.00 0.00 0.01 0.00 0 0.08
13.147 0 0 0.05 0.02 0.00 0.00 0.01 0.00 0 0.08
13.227 0 0 0.05 0.01 0.00 0.01 0.01 0.00 0 0.07
13.307 0 0 0.06 0.01 0.00 0.00 0.01 0.00 0 0.07
13.387 0 0 0.05 0.01 0.00 0.01 0.01 0.00 0 0.07
13.467 0 0 0.05 0.01 0.00 0.01 0.01 0.00 0 0.07
13.547 0 0 0.05 0.01 0.00 0.01 0.01 0.00 0 0.07
13.627 0 0 0.06 0.02 0.00 0.00 0.01 0.00 0 0.08
13.708 0 0 0.05 0.02 0.00 0.00 0.01 0.00 0 0.08
13.788 0 0 0.05 0.03 0.01 0.00 0.01 0.00 0 0.09
13.868 0 0 0.05 0.03 0.01 0.00 0.01 0.00 0 0.09
13.948 0 0 0.05 0.02 0.01 0.00 0.01 0.00 0 0.07
14.028 0 0 0.04 0.01 0.00 0.00 0.01 0.00 0 0.06
14.108 0 0 0.04 0.01 0.00 0.00 0.01 0.00 0 0.06
14.188 0 0 0.05 0.02 0.00 0.00 0.01 0.00 