0.000 0 0 0.00 0.00 0.00 0.00 0.00 0.00 0
0.080 0 0 0.01 0.00 0.00 0.00 0.00 0.00 0
0.160 0 0 0.02 0.01 0.00 0.01 0.00 0.00 0
0.240 0 0 0.01 0.01 0.00 0.01 0.00 0.00 0
0.320 0 0 0.02 0.01 0.00 0.01 0.00 0.00 0
0.400 0 0 0.02 0.01 0.00 0.01 0.00 0.00 0
0.480 0 0 0.03 0.00 0.00 0.01 0.01 0.00 0
0.560 0 0 0.02 0.02 0.00 0.01 0.01 0.00 0
0.640 0 0 0.03 0.02 0.00 0.01 0.01 0.01 0
0.720 0 0 0.04 0.03 0.00 0.01 0.01 0.01 0
0.800 0 0 0.04 0.03 0.00 0.01 0.01 0.01 0
0.880 0 0 0.05 0.03 0.00 0.01 0.01 0.01 0
0.960 0 0 0.06 0.03 0.01 0.01 0.01 0.01 0
1.040 0 0 0.07 0.04 0.00 0.01 0.01 0.01 0
1.120 0 0 0.08 0.04 0.01 0.01 0.01 0.01 0
1.200 0 0 0.08 0.04 0.01 0.01 0.01 0.01 0
1.280 0 0 0.08 0.05 0.01 0.02 0.01 0.01 0
1.360 0 0 0.09 0.05 0.01 0.02 0.01 0.01 0
1.441 0 0 0.10 0.04 0.01 0.02 0.01 0.01 0
1.521 0 0 0.10 0.04 0.01 0.02 0.01 0.01 0
1.601 0 0 0.09 0.05 0.01 0.02 0.01 0.01 0
1.681 0 0 0.10 0.06 0.01 0.02 0.01 0.01 0
1.761 0 0 0.12 0.07 0.01 0.02 0.01 0.01 0
1.841 0 0 0.13 0.08 0.01 0.03 0.02 0.01 0
1.921 0 0 0.13 0.08 0.01 0.03 0.02 0.01 0
2.001 0 0 0.13 0.09 0.02 0.03 0.02 0.02 0
2.081 0 0 0.12 0.10 0.02 0.03 0.02 0.01 0
2.161 0 0 0.13 0.11 0.02 0.03 0.02 0.02 0
2.241 0 0 0.14 0.11 0.02 0.03 0.02 0.02 0
2.321 0 0 0.14 0.11 0.02 0.03 0.02 0.02 0
2.401 0 0 0.15 0.11 0.02 0.03 0.02 0.02 0
2.481 0 0 0.15 0.11 0.02 0.03 0.02 0.02 0
2.561 0 0 0.15 0.13 0.02 0.03 0.02 0.02 0
2.641 0 0 0.17 0.12 0.03 0.04 0.02 0.02 0
2.721 0 0 0.17 0.12 0.03 0.04 0.02 0.02 0
2.801 0 0 0.18 0.12 0.03 0.03 0.02 0.02 0
2.881 0 0 0.17 0.13 0.03 0.04 0.02 0.02 0
2.961 0 0 0.16 0.13 0.03 0.03 0.02 0.02 0
3.041 0 0 0.17 0.12 0.03 0.04 0.02 0.02 0
3.121 0 0 0.17 0.12 0.03 0.04 0.02 0.02 0
3.201 0 0 0.18 0.13 0.03 0.04 0.03 0.02 0
3.281 0 0 0.19 0.13 0.03 0.04 0.02 0.02 0
3.361 0 0 0.19 0.13 0.03 0.04 0.03 0.02 0
3.441 0 0 0.19 0.14 0.03 0.04 0.03 0.02 0
3.521 0 0 0.19 0.14 0.03 0.04 0.03 0.02 0
3.601 0 0 0.20 0.14 0.03 0.04 0.03 0.02 0
3.681 0 0 0.20 0.11 0.03 0.04 0.03 0.02 0
3.761 0 0 0.20 0.12 0.03 0.04 0.03 0.03 0
3.841 0 0 0.20 0.12 0.03 0.04 0.03 0.03 0
3.921 0 0 0.21 0.13 0.03 0.04 0.03 0.03 0
4.002 0 0 0.22 0.14 0.03 0.04 0.03 0.03 0
4.082 0 0 0.22 0.16 0.04 0.05 0.03 0.03 0
4.162 0 0 0.21 0.17 0.04 0.05 0.03 0.03 0
4.242 0 0 0.21 0.17 0.04 0.05 0.03 0.03 0
4.322 0 0 0.23 0.18 0.04 0.05 0.03 0.03 0
4.402 0 0 0.25 0.18 0.04 0.05 0.03 0.03 0
4.482 0 0 0.23 0.19 0.04 0.05 0.03 0.03 0
4.562 0 0 0.23 0.19 0.04 0.05 0.03 0.03 0
4.642 0 0 0.23 0.19 0.04 0.05 0.03 0.03 0
4.722 0 0 0.24 0.19 0.04 0.05 0.03 0.03 0
4.802 0 0 0.25 0.19 0.04 0.05 0.03 0.03 0
4.882 0 0 0.25 0.19 0.04 0.05 0.04 0.03 0
4.962 0 0 0.24 0.19 0.04 0.06 0.04 0.03 0
5.042 0 0 0.24 0.19 0.04 0.06 0.04 0.03 0
5.122 0 0 0.25 0.19 0.04 0.05 0.04 0.03 0
5.202 0 0 0.26 0.19 0.04 0.06 0.04 0.03 0
5.282 0 0 0.25 0.18 0.05 0.05 0.04 0.03 0
5.362 0 0 0.26 0.20 0.05 0.05 0.04 0.03 0
5.442 0 0 0.26 0.20 0.05 0.05 0.04 0.03 0
5.522 0 0 0.26 0.20 0.04 0.05 0.04 0.03 0
5.602 0 0 0.27 0.20 0.04 0.06 0.04 0.03 0
5.682 0 0 0.27 0.21 0.04 0.06 0.04 0.03 0
5.762 0 0 0.26 0.22 0.05 0.05 0.04 0.03 0
5.842 0 0 0.26 0.22 0.05 0.05 0.04 0.03 0
5.922 0 0 0.26 0.21 0.05 0.06 0.04 0.03 0
6.002 0 0 0.27 0.21 0.04 0.05 0.04 0.03 0
6.082 0 0 0.27 0.20 0.05 0.06 0.04 0.03 0
6.162 0 0 0.27 0.20 0.05 0.06 0.04 0.03 0
6.242 0 0 0.27 0.20 0.05 0.06 0.04 0.03 0
6.322 0 0 0.27 0.21 0.05 0.05 0.04 0.03 0
6.402 0 0 0.27 0.22 0.05 0.05 0.04 0.03 0
6.482 0 0 0.27 0.22 0.05 0.05 0.04 0.03 0
6.562 0 0 0.27 0.22 0.05 0.05 0.04 0.03 0
6.642 0 0 0.27 0.23 0.05 0.06 0.04 0.03 0
6.722 0 0 0.27 0.22 0.04 0.06 0.04 0.03 0
6.802 0 0 0.27 0.22 0.04 0.06 0.04 0.03 0
6.882 0 0 0.27 0.23 0.05 0.06 0.04 0.04 0
6.962 0 0 0.27 0.23 0.05 0.06 0.04 0.04 0
7.043 0 0 0.27 0.23 0.05 0.06 0.04 0.04 0
7.123 0 0 0.29 0.22 0.04 0.06 0.04 0.04 0
7.203 0 0 0.28 0.22 0.05 0.06 0.04 0.04 0
7.283 0 0 0.28 0.21 0.05 0.06 0.04 0.04 0
7.363 0 0 0.28 0.21 0.05 0.06 0.04 0.04 0
7.443 0 0 0.29 0.21 0.05 0.06 0.04 0.04 0
7.523 0 0 0.30 0.22 0.04 0.06 0.04 0.04 0
7.603 0 0 0.29 0.22 0.05 0.06 0.04 0.04 0
7.683 0 0 0.28 0.23 0.05 0.06 0.04 0.04 0
7.763 0 0 0.28 0.23 0.05 0.06 0.04 0.04 0
7.843 0 0 0.29 0.23 0.05 0.06 0.04 0.04 0
7.923 0 0 0.30 0.23 0.05 0.06 0.04 0.04 0
8.003 0 0 0.29 0.23 0.05 0.06 0.04 0.04 0
8.083 0 0 0.29 0.23 0.05 0.07 0.04 0.04 0
8.163 0 0 0.29 0.23 0.05 0.07 0.04 0.04 0
8.243 0 0 0.29 0.23 0.05 0.07 0.04 0.04 0
8.323 0 0 0.30 0.23 0.05 0.07 0.04 0.04 0
8.826 0 0 -0.30 -0.24 -0.03 -0.07 -0.03 -0.04 0
8.906 0 0 -0.21 -0.15 -0.02 -0.05 -0.02 -0.02 0
8.986 0 0 -0.21 -0.15 -0.02 -0.05 -0.02 -0.02 0
9.066 0 0 -0.14 -0.09 -0.01 -0.03 -0.01 -0.01 0
9.146 0 0 -0.10 -0.06 -0.01 -0.02 0.01 -0.01 0
9.226 0 0 -0.05 -0.03 -0.01 -0.01 0.01 -0.00 0
9.306 0 0 -0.04 -0.02 -0.00 -0.01 0.01 -0.00 0
9.386 0 0 -0.04 -0.02 -0.00 -0.01 0.01 -0.00 0
9.466 0 0 -0.02 -0.00 0.00 -0.01 0.00 -0.00 0
9.546 0 0 -0.02 0.01 0.00 -0.00 0.00 -0.00 0
9.626 0 0 -0.01 0.02 0.00 -0.00 0.00 0.00 0
9.706 0 0 -0.01 0.03 0.00 -0.00 0.00 0.00 0
9.786 0 0 -0.01 0.03 0.00 -0.00 0.00 0.00 0
9.866 0 0 -0.01 0.02 0.01 -0.00 0.00 0.00 0
9.946 0 0 -0.00 0.01 0.01 0.00 0.00 0.00 0
10.026 0 0 -0.00 0.02 0.01 0.00 0.00 0.00 0
10.106 0 0 0.01 0.03 0.01 0.00 0.00 0.00 0
10.186 0 0 0.01 0.03 0.01 0.00 0.00 0.00 0
10.266 0 0 0.02 0.03 0.01 0.00 0.00 0.00 0
10.346 0 0 0.01 0.03 0.01 0.00 0.00 0.00 0
10.426 0 0 0.01 0.04 0.01 0.00 0.00 0.00 0
10.506 0 0 0.02 0.04 0.01 0.00 0.00 0.00 0
10.586 0 0 0.02 0.04 0.01 0.00 0.00 0.00 0
10.666 0 0 0.01 0.05 0.01 0.01 0.00 0.00 0
10.746 0 0 0.01 0.03 0.01 0.01 0.00 0.00 0
10.826 0 0 0.01 0.04 0.01 0.01 0.00 0.00 0
10.906 0 0 0.00 0.04 0.01 0.01 0.00 0.00 0
10.987 0 0 0.00 0.04 0.01 0.01 0.00 0.00 0
11.067 0 0 0.02 0.04 0.01 0.00 0.00 0.00 0
11.147 0 0 0.02 0.03 0.01 0.00 0.00 0.00 0
11.227 0 0 0.02 0.03 0.01 0.00 0.00 0.00 0
11.307 0 0 0.02 0.03 0.01 0.00 0.00 0.00 0
11.387 0 0 0.01 0.03 0.01 0.00 0.00 0.00 0
11.467 0 0 0.01 0.02 0.01 0.01 0.00 0.00 0
11.547 0 0 0.00 0.03 0.01 0.01 0.00 0.00 0
11.627 0 0 0.02 0.02 0.01 0.00 0.00 0.00 0
11.707 0 0 0.02 0.02 0.01 0.00 0.00 0.00 0
11.787 0 0 0.01 0.03 0.01 0.01 0.00 0.00 0
11.867 0 0 0.02 0.03 0.01 0.00 0.00 0.00 0
11.947 0 0 0.03 0.03 0.01 0.01 0.00 0.00 0
12.027 0 0 0.02 0.03 0.01 0.00 0.00 0.00 0
12.107 0 0 0.02 0.03 0.01 0.00 0.00 0.00 0
12.187 0 0 0.01 0.04 0.01 0.00 0.00 0.00 0
12.267 0 0 0.02 0.02 0.01 0.01 0.00 0.00 0
12.347 0 0 0.03 0.03 0.00 0.01 0.00 0.00 0
12.427 0 0 0.02 0.03 0.01 0.00 0.00 0.01 0
12.507 0 0 0.02 0.03 0.01 0.00 0.00 0.01 0
12.587 0 0 0.01 0.02 0.01 0.00 0.00 0.01 0
12.667 0 0 0.01 0.03 0.01 0.01 0.00 0.00 0
12.747 0 0 0.01 0.03 0.01 0.00 0.00 0.00 0
12.827 0 0 0.00 0.03 0.01 0.00 0.00 0.00 0
12.907 0 0 0.00 0.03 0.01 0.00 0.00 0.00 0
12.987 0 0 0.00 0.04 0.00 0.00 0.00 0.00 0
13.067 0 0 0.00 0.04 0.01 0.00 0.00 0.00 0
13.147 0 0 0.01 0.04 0.01 0.01 0.00 0.00 0
13.227 0 0 0.02 0.04 0.01 0.00 0.00 0.00 0
13.307 0 0 0.02 0.04 0.01 0.00 0.00 0.00 0
13.387 0 0 0.01 0.03 0.01 0.00 0.00 0.00 0
13.467 0 0 0.02 0.02 0.01 0.00 0.00 0.00 0
13.547 0 0 0.02 0.02 0.00 0.00 0.00 0.00 0
13.627 0 0 0.02 0.02 0.00 0.00 0.00 0.00 0
13.708 0 0 0.01 0.02 0.01 0.00 0.00 0.00 0
13.788 0 0 0.02 0.01 0.01 0.00 0.00 0.00 0
13.868 0 0 0.03 0.02 0.01 0.00 0.00 0.00 0
13.948 0 0 0.03 0.01 0.01 0.00 0.00 0.00 0
14.028 0 0 0.03 0.01 0.01 0.00 0.00 0.00 0
14.108 0 0 0.02 0.02 0.00 0.00 0.00 0.00 0
14.188 0 0 0.01 0.01 0.01 0.00 0.00 0.00 0
14.268 0 0 0.01 0.02 0.01 0.00 0.00 0.00 0
14.348 0 0 0.01 0.03 0.01 0.00 0.00 0.00 0
14.428 0 0 0.01 0.03 0.01 0.00 0.00 0.00 0
14.508 0 0 0.00 0.03 0.01 0.00 0.00 0.00 0
14.588 0 0 0.00 0.02 0.01 0.01 0.00 0.00 0
14.668 0 0 0.00 0.03 0.01 0.00 0.00 0.01 0
14.748 0 0 0.00 0.03 0.01 0.00 0.00 0.01 0
14.828 0 0 0.00 0.03 0.01 0.00 0.00 0.01 0
14.908 0 0 0.00 0.03 0.01 0.00 0.00 0.00 0
14.988 0 0 0.01 0.04 0.01 0.00 0.00 0.00 0
15.068 0 0 0.02 0.04 0.01 0.00 0.00 0.00 0
15.148 0 0 0.01 0.04 0.01 0.00 0.00 0.00 0
15.228 0 0 0.01 0.04 0.01 0.00 0.00 0.00 0
15.308 0 0 0.01 0.04 0.01 0.00 0.00 0.00 0
15.388 0 0 0.02 0.04 0.00 0.00 0.00 0.00 0
15.468 0 0 0.01 0.04 0.01 0.01 0.00 0.00 0
15.548 0 0 0.01 0.04 0.01 0.00 0.00 0.00 0
15.628 0 0 0.01 0.04 0.01 0.00 0.00 0.00 0
15.708 0 0 0.01 0.03 0.01 0.00 0.00 0.00 0
15.788 0 0 0.02 0.03 0.01 0.00 0.00 0.00 0
15.868 0 0 0.02 0.03 0.01 0.00 0.00 0.00 0
15.948 0 0 0.02 0.03 0.01 0.00 0.00 0.00 0
16.028 0 0 0.02 0.04 0.01 0.01 0.00 0.00 0
16.108 0 0 0.01 0.04 0.01 0.00 0.00 0.00 0
16.188 0 0 0.02 0.04 0.01 0.00 0.00 0.00 0
16.268 0 0 0.03 0.04 0.01 0.00 0.00 0.00 0
16.349 0 0 0.03 0.04 0.01 0.00 0.00 0.00 0
16.429 0 0 0.02 0.04 0.01 0.00 0.00 0.01 0
16.509 0 0 0.02 0.03 0.00 0.01 0.00 0.01 0
16.589 0 0 0.02 0.03 0.01 0.00 0.00 0.01 0
16.669 0 0 0.01 0.03 0.00 0.01 0.00 0.01 0
16.749 0 0 0.01 0.03 0.00 0.01 0.00 0.01 0
16.829 0 0 0.01 0.02 0.01 0.01 0.00 0.01 0
16.909 0 0 0.01 0.04 0.01 0.01 0.00 0.00 0
16.989 0 0 0.02 0.04 0.01 0.01 0.00 0.00 0
17.069 0 0 0.02 0.04 0.01 0.01 0.00 0.00 0
17.149 0 0 0.02 0.04 0.01 0.01 0.00 0.00 0
17.229 0 0 0.02 0.03 0.01 0.01 0.00 0.01 0
17.309 0 0 0.01 0.02 0.01 0.00 0.00 0.01 0
17.389 0 0 0.02 0.02 0.01 0.00 0.00 0.01 0
17.469 0 0 0.01 0.02 0.01 0.00 0.00 0.01 0
17.549 0 0 0.01 0.02 0.01 0.00 0.00 0.01 0
17.629 0 0 0.01 0.02 0.01 0.00 0.00 0.00 0
17.709 0 0 0.01 0.04 0.01 0.00 0.00 0.00 0
17.789 0 0 0.00 0.03 0.01 0.01 0.00 0.00 0
17.869 0 0 0.02 0.03 0.00 0.00 0.00 0.00 0
17.949 0 0 0.02 0.03 0.00 0.00 0.00 0.00 0
18.029 0 0 0.01 0.03 0.01 0.00 0.00 0.00 0
18.109 0 0 0.01 0.04 0.01 0.00 0.00 0.00 0
18.189 0 0 0.00 0.04 0.00 0.00 0.00 0.00 0
18.269 0 0 0.00 0.04 0.00 0.00 0.00 0.00 0
18.349 0 0 0.00 0.04 0.00 0.00 0.00 0.00 0
18.429 0 0 0.00 0.02 0.01 0.00 0.00 0.00 0
18.509 0 0 0.00 0.03 0.01 0.00 0.00 0.00 0
18.589 0 0 0.00 0.02 0.01 0.00 0.00 0.00 0
18.669 0 0 0.00 0.02 0.01 0.00 0.00 0.00 0
18.750 0 0 0.01 0.03 0.00 0.01 0.00 0.00 0
18.830 0 0 0.01 0.03 0.00 0.00 0.00 0.00 0
18.910 0 0 0.01 0.03 0.00 0.01 0.00 0.00 0
18.990 0 0 0.02 0.04 0.01 0.01 0.00 0.00 0
19.070 0 0 0.02 0.04 0.01 0.01 0.00 0.00 0
19.150 0 0 0.01 0.04 0.01 0.00 0.00 0.00 0
19.230 0 0 0.01 0.04 0.01 0.00 0.00 0.00 0
19.311 0 0 0.01 0.04 0.01 0.00 0.00 0.00 0
19.391 0 0 0.00 0.04 0.01 0.00 0.00 0.00 0
19.471 0 0 0.00 0.04 0.01 0.00 0.00 0.00 0
19.551 0 0 0.01 0.04 0.01 0.00 0.00 0.00 0
19.631 0 0 0.01 0.03 0.00 0.00 0.00 0.00 0
19.711 0 0 0.01 0.03 0.00 0.00 0.00 0.00 0
19.791 0 0 0.02 0.03 0.00 0.00 0.00 0.00 0
19.871 0 0 0.02 0.03 0.00 0.00 0.00 0.00 0
19.951 0 0 0.01 0.02 0.01 0.00 0.00 0.00 0
20.031 0 0 0.01 0.03 0.01 0.00 0.00 0.00 0
20.111 0 0 0.01 0.02 0.01 0.01 0.00 0.00 0
20.191 0 0 0.00 0.01 0.01 0.01 0.00 0.00 0
20.271 0 0 0.00 0.01 0.01 0.01 0.00 0.00 0
20.351 0 0 0.00 0.02 0.00 0.01 0.00 0.00 0
20.431 0 0 0.00 0.01 0.01 0.00 0.00 0.00 0
20.511 0 0 0.00 0.01 0.01 0.01 0.00 0.00 0
