0.000 0 0 0.00 0.00 0.00 0.00 0.00 0.00 0
0.080 0 0 0.00 0.00 0.00 0.00 0.00 0.00 0
0.160 0 0 0.00 0.01 0.00 0.00 0.00 0.00 0
0.240 0 0 0.00 0.02 0.00 0.00 0.00 0.00 0
0.320 0 0 0.00 0.02 0.00 0.00 0.00 0.00 0
0.400 0 0 0.00 0.03 0.00 0.00 0.00 0.00 0
0.480 0 0 0.00 0.03 0.01 0.00 0.00 0.00 0
0.560 0 0 0.00 0.03 0.00 0.00 0.00 0.00 0
0.640 0 0 0.00 0.02 0.01 0.00 0.00 0.00 0
0.720 0 0 0.00 0.02 0.01 0.00 0.00 0.00 0
0.800 0 0 0.00 0.03 0.01 0.00 0.00 0.00 0
0.880 0 0 0.01 0.02 0.01 0.00 0.00 0.00 0
0.960 0 0 0.02 0.01 0.01 0.00 0.00 0.00 0
1.040 0 0 0.01 0.02 0.01 0.00 0.00 0.00 0
1.120 0 0 0.01 0.02 0.01 0.00 0.00 0.00 0
1.200 0 0 0.01 0.03 0.00 0.00 0.00 0.00 0
1.280 0 0 0.02 0.03 0.01 0.01 0.00 0.00 0
1.360 0 0 0.01 0.03 0.01 0.00 0.00 0.00 0
1.441 0 0 0.01 0.04 0.01 0.00 0.00 0.00 0
1.521 0 0 0.01 0.04 0.01 0.00 0.00 0.00 0
1.601 0 0 0.01 0.04 0.01 0.00 0.00 0.00 0
1.681 0 0 0.02 0.02 0.00 0.00 0.00 0.00 0
1.761 0 0 0.01 0.03 0.01 0.00 0.00 0.00 0
1.841 0 0 0.01 0.02 0.00 0.00 0.00 0.00 0
1.921 0 0 0.01 0.02 0.00 0.00 0.00 0.00 0
2.001 0 0 0.01 0.01 0.00 0.00 0.00 0.00 0
2.081 0 0 0.00 0.02 0.01 0.00 0.00 0.00 0
2.161 0 0 0.00 0.03 0.00 0.00 0.00 0.00 0
2.241 0 0 0.00 0.03 0.00 0.00 0.00 0.00 0
2.321 0 0 0.00 0.03 0.01 0.00 0.00 0.00 0
2.401 0 0 0.00 0.03 0.00 0.00 0.00 0.00 0
2.481 0 0 0.00 0.04 0.00 0.01 0.01 0.00 0
2.561 0 0 0.00 0.04 0.00 0.00 0.01 0.00 0
2.641 0 0 0.00 0.04 0.00 0.00 0.01 0.00 0
2.721 0 0 0.00 0.04 0.00 0.00 0.01 0.00 0
2.801 0 0 0.00 0.03 0.01 0.00 0.01 0.00 0
2.881 0 0 0.00 0.02 0.01 0.00 0.00 0.00 0
2.961 0 0 0.01 0.02 0.01 0.00 0.00 0.00 0
3.041 0 0 0.01 0.02 0.01 0.00 0.00 0.00 0
3.121 0 0 0.02 0.02 0.01 0.01 0.00 0.00 0
3.201 0 0 0.03 0.01 0.01 0.01 0.00 0.00 0
3.281 0 0 0.02 0.02 0.00 0.00 0.00 0.00 0
3.361 0 0 0.01 0.03 0.01 0.00 0.00 0.00 0
3.441 0 0 0.01 0.03 0.01 0.00 0.00 0.00 0
3.521 0 0 0.01 0.03 0.00 0.00 0.00 0.00 0
3.601 0 0 0.01 0.03 0.01 0.00 0.00 0.00 0
3.682 0 0 0.00 0.04 0.01 0.00 0.00 0.00 0
3.762 0 0 0.00 0.05 0.00 0.01 0.00 0.00 0
3.842 0 0 0.00 0.05 0.00 0.01 0.00 0.00 0
3.922 0 0 0.00 0.03 0.01 0.00 0.00 0.00 0
4.002 0 0 0.00 0.04 0.00 0.00 0.00 0.00 0
4.082 0 0 0.00 0.02 0.01 0.00 0.00 0.00 0
4.162 0 0 0.00 0.02 0.01 0.00 0.00 0.00 0
4.242 0 0 0.00 0.02 0.01 0.00 0.00 0.00 0
4.322 0 0 0.01 0.02 0.00 0.01 0.00 0.00 0
4.402 0 0 0.01 0.03 0.01 0.01 0.00 0.00 0
4.482 0 0 0.01 0.03 0.00 0.00 0.00 0.01 0
4.562 0 0 0.01 0.03 0.00 0.00 0.00 0.01 0
4.642 0 0 0.02 0.03 0.00 0.00 0.00 0.00 0
4.722 0 0 0.01 0.04 0.01 0.00 0.00 0.00 0
4.802 0 0 0.01 0.02 0.00 0.00 0.00 0.00 0
4.882 0 0 0.01 0.03 0.00 0.00 0.00 0.00 0
4.962 0 0 0.01 0.03 0.00 0.00 0.00 0.00 0
5.042 0 0 0.00 0.02 0.00 0.01 0.01 0.00 0
5.122 0 0 0.00 0.03 0.00 0.01 0.00 0.00 0
5.202 0 0 0.00 0.03 0.00 0.01 0.00 0.00 0
5.282 0 0 0.00 0.03 0.01 0.01 0.00 0.00 0
5.362 0 0 0.00 0.03 0.01 0.01 0.00 0.00 0
5.442 0 0 0.00 0.03 0.00 0.00 0.00 0.00 0
5.522 0 0 0.01 0.04 0.01 0.00 0.00 0.00 0
5.602 0 0 0.02 0.04 0.01 0.00 0.00 0.00 0
5.682 0 0 0.01 0.04 0.01 0.01 0.00 0.00 0
5.762 0 0 0.01 0.04 0.01 0.01 0.00 0.00 0
5.842 0 0 0.01 0.04 0.01 0.00 0.00 0.00 0
5.922 0 0 0.01 0.03 0.01 0.01 0.00 0.00 0
6.002 0 0 0.00 0.02 0.01 0.00 0.00 0.00 0
6.082 0 0 0.02 0.01 0.01 0.00 0.00 0.00 0
6.162 0 0 0.02 0.01 0.01 0.00 0.00 0.00 0
6.243 0 0 0.01 0.02 0.01 0.00 0.00 0.00 0
6.323 0 0 0.01 0.03 0.01 0.00 0.00 0.00 0
6.403 0 0 0.00 0.02 0.00 0.00 0.00 0.00 0
6.483 0 0 0.00 0.02 0.01 0.00 0.00 0.00 0
6.563 0 0 0.00 0.02 0.01 0.00 0.00 0.00 0
6.643 0 0 0.00 0.03 0.00 0.01 0.00 0.00 0
6.723 0 0 0.00 0.03 0.00 0.00 0.00 0.00 0
6.803 0 0 0.00 0.03 0.00 0.00 0.01 0.00 0
6.883 0 0 0.00 0.03 0.00 0.00 0.01 0.00 0
6.963 0 0 0.00 0.02 0.00 0.00 0.00 0.00 0
7.043 0 0 0.00 0.02 0.01 0.00 0.00 0.00 0
7.123 0 0 0.00 0.01 0.01 0.01 0.00 0.00 0
7.203 0 0 0.00 0.01 0.00 0.00 0.01 0.00 0
7.283 0 0 0.00 0.01 0.00 0.00 0.01 0.00 0
7.363 0 0 0.00 0.01 0.01 0.00 0.00 0.00 0
7.443 0 0 0.01 0.02 0.01 0.00 0.00 0.00 0
7.523 0 0 0.02 0.01 0.01 0.00 0.00 0.00 0
7.603 0 0 0.03 0.02 0.01 0.00 0.00 0.00 0
7.683 0 0 0.03 0.02 0.01 0.00 0.00 0.00 0
7.763 0 0 0.02 0.03 0.01 0.01 0.00 0.00 0
7.843 0 0 0.01 0.02 0.01 0.01 0.00 0.00 0
7.923 0 0 0.01 0.01 0.01 0.00 0.00 0.00 0
8.003 0 0 0.01 0.01 0.01 0.00 0.00 0.00 0
8.083 0 0 0.01 0.01 0.01 0.00 0.00 0.00 0
8.163 0 0 0.00 0.01 0.00 0.00 0.00 0.00 0
8.243 0 0 0.00 0.02 0.00 0.00 0.00 0.00 0
8.323 0 0 0.00 0.02 0.00 0.00 0.00 0.00 0
8.403 0 0 0.01 0.02 0.00 0.01 0.00 0.00 0
8.483 0 0 0.01 0.02 0.00 0.01 0.00 0.00 0
8.563 0 0 0.01 0.02 0.01 0.00 0.01 0.00 0
8.643 0 0 0.01 0.03 0.01 0.00 0.01 0.00 0
8.724 0 0 0.02 0.02 0.00 0.00 0.00 0.00 0
8.804 0 0 0.01 0.01 0.00 0.00 0.00 0.00 0
8.884 0 0 0.01 0.01 0.00 0.00 0.00 0.00 0
8.964 0 0 0.01 0.01 0.01 0.01 0.00 0.00 0
9.044 0 0 0.01 0.01 0.00 0.01 0.00 0.00 0
9.124 0 0 0.00 0.00 0.01 0.01 0.00 0.00 0
9.204 0 0 0.00 0.00 0.01 0.01 0.00 0.00 0
9.284 0 0 0.00 0.02 0.00 0.01 0.00 0.00 0
9.364 0 0 0.01 0.01 0.01 0.00 0.00 0.00 0
9.444 0 0 0.01 0.02 0.00 0.00 0.00 0.00 0
9.524 0 0 0.01 0.03 0.00 0.00 0.00 0.00 0
9.604 0 0 0.01 0.03 0.00 0.00 0.00 0.00 0
9.684 0 0 0.00 0.03 0.00 0.00 0.00 0.00 0
9.764 0 0 0.02 0.03 0.00 0.01 0.01 0.00 0
9.844 0 0 0.01 0.02 0.01 0.01 0.01 0.00 0
9.924 0 0 0.01 0.02 0.00 0.00 0.01 0.00 0
10.004 0 0 0.01 0.02 0.00 0.00 0.01 0.00 0
10.084 0 0 0.00 0.01 0.01 0.00 0.01 0.00 0
10.164 0 0 0.00 0.01 0.00 0.01 0.01 0.00 0
10.244 0 0 0.00 0.02 0.00 0.00 0.00 0.00 0
10.324 0 0 0.00 0.02 0.00 0.00 0.00 0.00 0
10.404 0 0 0.00 0.02 0.00 0.00 0.00 0.00 0
10.484 0 0 0.01 0.03 0.00 0.00 0.00 0.00 0
10.564 0 0 0.02 0.02 0.00 0.00 0.01 0.00 0
10.644 0 0 0.03 0.01 0.01 0.00 0.01 0.00 0
10.724 0 0 0.02 0.02 0.00 0.00 0.01 0.00 0
10.804 0 0 0.02 0.02 0.00 0.00 0.01 0.00 0
10.886 0 0 0.01 0.01 0.01 0.00 0.01 0.00 0
10.966 0 0 0.02 0.01 0.00 0.00 0.01 0.00 0
11.046 0 0 0.01 0.02 0.00 0.00 0.01 0.00 0
11.126 0 0 0.01 0.03 0.00 0.00 0.00 0.00 0
11.206 0 0 0.01 0.03 0.00 0.00 0.00 0.00 0
11.286 0 0 0.01 0.03 0.00 0.00 0.00 0.00 0
11.366 0 0 0.00 0.03 0.01 0.00 0.00 0.00 0
11.446 0 0 0.00 0.02 0.01 0.00 0.01 0.00 0
11.526 0 0 0.00 0.02 0.00 0.00 0.01 0.00 0
11.606 0 0 0.00 0.02 0.00 0.00 0.01 0.00 0
11.686 0 0 0.00 0.01 0.01 0.00 0.01 0.00 0
11.766 0 0 0.00 0.01 0.00 0.00 0.01 0.00 0
11.846 0 0 0.00 0.00 0.01 0.00 0.01 0.00 0
11.926 0 0 0.00 0.00 0.01 0.00 0.01 0.00 0
12.007 0 0 0.00 0.00 0.01 0.01 0.00 0.00 0
12.087 0 0 0.00 0.01 0.00 0.01 0.00 0.00 0
12.167 0 0 0.00 0.02 0.00 0.00 0.00 0.00 0
12.247 0 0 0.01 0.03 0.01 0.00 0.01 0.00 0
12.327 0 0 0.01 0.03 0.01 0.00 0.01 0.00 0
12.407 0 0 0.01 0.02 0.00 0.00 0.00 0.00 0
12.487 0 0 0.01 0.03 0.00 0.00 0.00 0.00 0
12.567 0 0 0.02 0.03 0.00 0.00 0.00 0.00 0
12.647 0 0 0.01 0.02 0.00 0.01 0.00 0.00 0
12.727 0 0 0.01 0.02 0.00 0.01 0.00 0.00 0
12.807 0 0 0.01 0.01 0.01 0.00 0.00 0.00 0
12.887 0 0 0.01 0.01 0.00 0.01 0.00 0.00 0
12.967 0 0 0.02 0.01 0.01 0.00 0.00 0.00 0
13.047 0 0 0.01 0.02 0.00 0.00 0.00 0.00 0
13.127 0 0 0.01 0.02 0.00 0.00 0.00 0.00 0
13.207 0 0 0.01 0.02 0.00 0.00 0.00 0.00 0
13.287 0 0 0.01 0.03 0.00 0.01 0.00 0.00 0
13.367 0 0 0.00 0.03 0.00 0.00 0.00 0.00 0
13.447 0 0 0.00 0.03 0.00 0.01 0.00 0.00 0
13.527 0 0 0.00 0.03 0.00 0.01 0.00 0.00 0
13.607 0 0 0.00 0.04 0.00 0.00 0.00 0.00 0
13.687 0 0 0.00 0.02 0.00 0.00 0.00 0.00 0
13.767 0 0 0.00 0.03 0.01 0.00 0.00 0.00 0
13.847 0 0 0.01 0.02 0.00 0.00 0.00 0.00 0
13.927 0 0 0.01 0.02 0.00 0.00 0.00 0.00 0
14.007 0 0 0.02 0.01 0.00 0.00 0.00 0.00 0
14.087 0 0 0.01 0.02 0.00 0.00 0.00 0.00 0
14.167 0 0 0.01 0.03 0.00 0.00 0.00 0.00 0
14.247 0 0 0.01 0.03 0.00 0.00 0.00 0.00 0
14.327 0 0 0.01 0.03 0.01 0.00 0.01 0.00 0
14.407 0 0 0.00 0.03 0.00 0.00 0.01 0.00 0
14.487 0 0 0.00 0.02 0.00 0.00 0.00 0.00 0
14.567 0 0 0.00 0.02 0.00 0.00 0.00 0.00 0
14.647 0 0 0.00 0.02 0.00 0.00 0.00 0.00 0
14.727 0 0 0.00 0.01 0.00 0.00 0.01 0.00 0
14.807 0 0 0.00 0.02 0.01 0.00 0.01 0.00 0
14.888 0 0 0.00 0.04 0.01 0.00 0.00 0.00 0
14.968 0 0 0.00 0.04 0.00 0.00 0.00 0.00 0
15.048 0 0 0.00 0.04 0.00 0.00 0.00 0.00 0
15.128 0 0 0.00 0.04 0.01 0.00 0.00 0.00 0
15.208 0 0 0.00 0.03 0.00 0.00 0.01 0.00 0
15.288 0 0 0.00 0.02 0.00 0.00 0.00 0.00 0
15.368 0 0 0.01 0.01 0.00 0.01 0.00 0.00 0
15.448 0 0 0.01 0.01 0.00 0.01 0.00 0.00 0
15.528 0 0 0.01 0.01 0.00 0.00 0.00 0.00 0
15.608 0 0 0.01 0.02 0.00 0.01 0.01 0.00 0
15.688 0 0 0.00 0.01 0.00 0.00 0.01 0.00 0
15.768 0 0 0.00 0.01 0.00 0.00 0.00 0.00 0
15.848 0 0 0.00 0.01 0.00 0.00 0.00 0.00 0
15.928 0 0 0.00 0.01 0.00 0.00 0.00 0.00 0
16.008 0 0 0.00 0.00 0.00 0.00 0.00 0.00 0
16.088 0 0 0.00 0.02 0.00 0.00 0.01 0.00 0
16.168 0 0 0.01 0.02 0.00 0.00 0.00 0.00 0
16.248 0 0 0.01 0.02 0.00 0.00 0.00 0.00 0
16.328 0 0 0.01 0.03 0.00 0.00 0.00 0.00 0
16.408 0 0 0.01 0.03 0.00 0.00 0.00 0.00 0
16.488 0 0 0.00 0.03 0.00 0.00 0.01 0.00 0
16.568 0 0 0.00 0.03 0.00 0.00 0.01 0.00 0
16.648 0 0 0.00 0.02 0.00 0.00 0.01 0.00 0
16.728 0 0 0.01 0.02 0.01 0.00 0.01 0.00 0
16.808 0 0 0.01 0.01 0.00 0.00 0.01 0.00 0
16.888 0 0 0.01 0.01 0.00 0.00 0.00 0.00 0
16.968 0 0 0.01 0.01 0.00 0.00 0.00 0.00 0
17.048 0 0 0.02 0.00 0.00 0.00 0.00 0.00 0
17.128 0 0 0.02 0.00 0.00 0.00 0.00 0.00 0
17.208 0 0 0.02 0.01 0.00 0.00 0.00 0.00 0
17.288 0 0 0.01 0.02 0.01 0.00 0.00 0.00 0
17.368 0 0 0.01 0.02 0.01 0.00 0.00 0.00 0
17.448 0 0 0.01 0.03 0.00 0.00 0.00 0.00 0
17.528 0 0 0.01 0.02 0.01 0.00 0.00 0.00 0
17.608 0 0 0.02 0.01 0.00 0.00 0.01 0.00 0
17.688 0 0 0.01 0.01 0.01 0.00 0.01 0.00 0
17.768 0 0 0.01 0.01 0.01 0.00 0.01 0.00 0
17.848 0 0 0.01 0.01 0.00 0.01 0.00 0.00 0
17.929 0 0 0.01 0.00 0.00 0.01 0.00 0.00 0
18.009 0 0 0.00 0.02 0.00 0.00 0.01 0.00 0
18.089 0 0 0.01 0.01 0.00 0.00 0.01 0.00 0
18.169 0 0 0.01 0.01 0.00 0.00 0.01 0.00 0
18.249 0 0 0.01 0.01 0.01 0.00 0.01 0.00 0
18.329 0 0 0.01 0.02 0.00 0.00 0.01 0.00 0
18.409 0 0 0.02 0.01 0.00 0.00 0.00 0.00 0
18.489 0 0 0.01 0.01 0.00 0.00 0.01 0.00 0
18.569 0 0 0.01 0.01 0.00 0.00 0.01 0.00 0
18.649 0 0 0.01 0.01 0.00 0.00 0.01 0.00 0
18.729 0 0 0.01 0.00 0.01 0.00 0.01 0.00 0
18.809 0 0 0.00 0.00 0.00 0.00 0.00 0.00 0
18.889 0 0 0.00 0.00 0.00 0.00 0.00 0.00 0
18.969 0 0 0.00 0.00 0.00 0.00 0.01 0.00 0
19.049 0 0 0.00 0.01 0.00 0.00 0.01 0.00 0
19.129 0 0 0.00 0.02 0.00 0.00 0.01 0.00 0
19.209 0 0 0.00 0.03 0.01 0.00 0.00 0.00 0
19.289 0 0 0.00 0.03 0.01 0.00 0.00 0.00 0
19.369 0 0 0.01 0.03 0.01 0.00 0.00 0.00 0
19.449 0 0 0.01 0.02 0.00 0.00 0.01 0.00 0
19.529 0 0 0.01 0.01 0.00 0.00 0.01 0.00 0
19.609 0 0 0.00 0.01 0.00 0.00 0.01 0.00 0
19.689 0 0 0.00 0.01 0.00 0.00 0.01 0.00 0
19.769 0 0 0.00 0.02 0.00 0.00 0.00 0.00 0
19.849 0 0 0.00 0.03 0.00 0.00 0.00 0.00 0
19.929 0 0 0.00 0.03 0.00 0.00 0.00 0.00 0
20.009 0 0 0.01 0.03 0.00 0.00 0.00 0.00 0
20.089 0 0 0.01 0.03 0.00 0.00 0.00 0.00 0
20.169 0 0 0.02 0.02 0.00 0.00 0.00 0.00 0
20.249 0 0 0.01 0.02 0.00 0.00 0.01 0.00 0
20.329 0 0 0.02 0.01 0.00 0.01 0.01 0.00 0
20.409 0 0 0.02 0.01 0.00 0.00 0.01 0.00 0
20.489 0 0 0.02 0.01 0.00 0.00 0.01 0.00 0
20.570 0 0 0.01 0.02 0.01 0.00 0.01 0.01 0
20.650 78 0 0.01 0.01 0.01 0.00 0.02 0.01 0
20.730 1758 0 0.00 0.01 0.02 0.00 0.02 0.00 3
20.810 2193 0 0.00 0.01 0.02 0.01 0.02 0.03 4
20.890 2193 0 0.00 0.01 0.02 0.01 0.02 0.03 4
20.970 2193 0 0.00 0.00 0.02 0.01 0.03 0.02 12
21.050 3432 0 0.00 0.00 0.04 0.01 0.03 0.01 15
21.130 4217 0 0.00 0.03 0.03 0.01 0.03 0.01 13
21.210 4217 0 0.00 0.03 0.03 0.01 0.03 0.01 13
21.290 4847 0 0.05 0.02 0.02 0.01 0.04 0.01 24
21.370 5562 0 0.05 0.02 0.02 0.01 0.04 0.01 31
21.450 6499 0 0.03 0.02 0.01 0.01 0.04 0.00 16
21.530 7597 0 0.02 0.01 0.01 0.00 0.03 0.00 5
21.610 7597 0 0.02 0.01 0.01 0.00 0.03 0.00 5
21.690 7563 0 0.03 0.01 0.01 0.00 0.02 0.00 5
21.770 7530 0 0.02 0.01 0.01 0.00 0.02 0.00 5
21.850 7519 0 0.01 0.00 0.01 0.00 0.01 0.00 5
21.930 7497 0 0.01 0.00 0.00 0.00 0.01 0.00 5
22.010 7497 0 0.01 0.00 0.00 0.00 0.01 0.00 5
22.090 7486 0 0.02 0.00 0.00 0.00 0.01 0.00 5
22.170 7486 0 0.01 0.00 0.00 0.00 0.01 0.00 5
22.250 7497 0 0.01 0.01 0.00 0.00 0.01 0.00 5
22.330 7464 0 0.01 0.01 0.00 0.00 0.01 0.00 5
22.410 7464 0 0.01 0.01 0.00 0.00 0.01 0.00 5
22.490 7486 0 0.00 0.01 0.00 0.00 0.01 0.00 5
22.570 7486 0 0.03 0.00 0.00 0.00 0.00 0.00 0
22.650 7497 0 0.02 0.00 0.00 0.00 0.00 0.00 5
22.730 7453 0 0.01 0.01 0.00 0.00 0.01 0.00 5
22.810 7453 0 0.01 0.01 0.00 0.00 0.01 0.00 5
22.890 7497 0 0.01 0.01 0.00 0.00 0.01 0.00 5
22.970 7486 0 0.01 0.01 0.00 0.00 0.01 0.00 9
23.051 7486 0 0.00 0.00 0.00 0.00 0.01 0.00 5
23.131 7486 0 0.00 0.00 0.00 0.00 0.01 0.00 5
23.211 7475 0 0.02 0.00 0.00 0.00 0.01 0.00 5
23.291 7453 0 0.01 0.00 0.01 0.00 0.01 0.00 5
23.371 7486 0 0.01 0.00 0.00 0.00 0.01 0.00 9
23.451 7486 0 0.00 0.00 0.00 0.00 0.01 0.00 5
23.531 7486 0 0.00 0.00 0.00 0.00 0.01 0.00 5
23.611 7486 0 0.00 0.00 0.00 0.01 0.01 0.00 5
23.691 7486 0 0.01 0.00 0.00 0.01 0.01 0.00 9
23.771 7475 0 0.01 0.00 0.00 0.01 0.01 0.00 5
23.851 7486 0 0.01 0.00 0.00 0.01 0.01 0.00 5
23.931 7486 0 0.01 0.00 0.00 0.01 0.01 0.00 5
24.011 7497 0 0.00 0.00 0.00 0.01 0.01 0.00 5
24.091 7486 0 0.00 0.00 0.00 0.00 0.01 0.00 5
24.171 7486 0 0.00 0.01 0.01 0.01 0.01 0.00 5
24.251 7497 0 0.00 0.01 0.00 0.00 0.01 0.00 9
24.331 7497 0 0.00 0.01 0.00 0.00 0.01 0.00 9
24.411 7486 0 0.00 0.01 0.01 0.00 0.01 0.00 5
24.491 7486 0 0.00 0.00 0.01 0.00 0.01 0.00 5
24.571 7486 0 0.00 0.00 0.00 0.00 0.01 0.00 5
24.651 7497 0 0.00 0.00 0.01 0.00 0.01 0.00 5
24.731 7497 0 0.00 0.00 0.01 0.00 0.01 0.00 5
24.811 7508 0 0.00 0.00 0.00 0.00 0.01 0.00 5
24.891 7497 0 0.00 0.00 0.00 0.00 0.01 0.00 9
24.971 7464 0 0.00 0.01 0.00 0.00 0.01 0.00 5
25.051 7464 0 0.00 0.01 0.00 0.00 0.01 0.00 5
25.131 7486 0 0.00 0.01 0.00 0.00 0.01 0.00 9
25.211 7486 0 0.01 0.01 0.00 0.00 0.01 0.00 5
25.291 7486 0 0.01 0.00 0.00 0.00 0.01 0.00 5
25.371 7497 0 0.01 0.00 0.00 0.01 0.01 0.00 5
25.451 7497 0 0.01 0.00 0.00 0.01 0.01 0.00 5
25.531 7486 0 0.02 0.00 0.00 0.00 0.00 0.00 0
25.611 7497 0 0.01 0.00 0.01 0.00 0.01 0.00 9
25.691 7486 0 0.03 0.00 0.01 0.01 0.01 0.00 5
25.771 7486 0 0.02 0.00 0.01 0.01 0.01 0.00 5
25.851 7486 0 0.02 0.00 0.01 0.01 0.01 0.00 5
25.932 7486 0 0.02 0.00 0.01 0.01 0.01 0.00 5
26.012 7486 0 0.01 0.00 0.00 0.00 0.01 0.00 5
26.092 7497 0 0.01 0.00 0.01 0.00 0.01 0.00 5
26.172 7486 0 0.00 0.01 0.00 0.00 0.01 0.00 5
26.252 7486 0 0.00 0.01 0.00 0.00 0.01 0.00 5
26.332 7486 0 0.02 0.01 0.01 0.00 0.01 0.00 5
26.412 7497 0 0.01 0.01 0.01 0.01 0.01 0.00 5
26.492 7497 0 0.01 0.00 0.00 0.00 0.01 0.00 5
26.572 7486 0 0.00 0.00 0.01 0.00 0.01 0.00 5
26.652 7486 0 0.00 0.00 0.01 0.00 0.01 0.00 5
26.732 7486 0 0.00 0.00 0.01 0.01 0.01 0.00 9
26.812 7486 0 0.00 0.00 0.01 0.00 0.01 0.00 5
26.892 7486 0 0.00 0.00 0.00 0.00 0.01 0.00 5
26.972 7486 0 0.00 0.00 0.00 0.00 0.01 0.00 5
27.052 7486 0 0.00 0.00 0.00 0.00 0.01 0.00 5
27.132 7508 0 0.00 0.00 0.00 0.00 0.01 0.00 5
27.212 7497 0 0.00 0.01 0.00 0.00 0.01 0.00 5
27.292 7486 0 0.00 0.02 0.01 0.00 0.01 0.00 9
27.372 7486 0 0.00 0.02 0.01 0.00 0.01 0.00 9
27.452 7486 0 0.01 0.03 0.00 0.00 0.01 0.00 5
27.532 7497 0 0.01 0.02 0.01 0.00 0.01 0.00 5
27.612 7486 0 0.01 0.01 0.01 0.00 0.01 0.00 5
27.692 7464 0 0.02 0.02 0.00 0.00 0.01 0.00 5
27.772 7464 0 0.02 0.02 0.00 0.00 0.01 0.00 5
27.852 7486 0 0.01 0.03 0.00 0.00 0.01 0.00 5
27.932 7497 0 0.01 0.02 0.00 0.00 0.01 0.00 5
28.012 7486 0 0.02 0.01 0.00 0.00 0.01 0.00 9
28.092 7453 0 0.01 0.01 0.00 0.00 0.01 0.00 5
28.172 7453 0 0.01 0.01 0.00 0.00 0.01 0.00 5
28.252 7486 0 0.01 0.01 0.00 0.00 0.01 0.00 5
28.332 7453 0 0.02 0.00 0.00 0.00 0.01 0.00 5
28.412 7486 0 0.01 0.00 0.00 0.00 0.01 0.00 5
28.493 7486 0 0.02 0.00 0.01 0.00 0.01 0.00 5
28.573 7486 0 0.02 0.00 0.01 0.00 0.01 0.00 5
28.653 7497 0 0.01 0.00 0.00 0.00 0.01 0.00 5
28.733 7486 0 0.01 0.00 0.00 0.00 0.01 0.00 5
28.813 7486 0 0.01 0.00 0.00 0.00 0.01 0.00 5
28.893 7497 0 0.00 0.00 0.00 0.00 0.01 0.00 5
28.973 7497 0 0.00 0.00 0.00 0.00 0.01 0.00 5
29.053 7486 0 0.00 0.00 0.00 0.00 0.01 0.00 5
29.133 7486 0 0.00 0.00 0.00 0.00 0.01 0.00 5
29.213 7486 0 0.00 0.01 0.00 0.00 0.01 0.00 5
29.293 7486 0 0.00 0.01 0.00 0.00 0.01 0.00 5
29.373 7486 0 0.00 0.02 0.00 0.00 0.01 0.00 5
29.453 7486 0 0.00 0.03 0.00 0.00 0.01 0.00 5
29.533 7464 0 0.00 0.02 0.00 0.00 0.01 0.00 5
29.613 7486 0 0.00 0.01 0.00 0.00 0.00 0.00 0
29.693 7486 0 0.00 0.01 0.00 0.00 0.00 0.00 0
29.773 7486 0 0.00 0.01 0.00 0.01 0.00 0.00 5
29.853 7497 0 0.00 0.02 0.00 0.01 0.00 0.00 5
29.933 7453 0 0.00 0.02 0.01 0.01 0.01 0.00 5
30.013 7497 0 0.00 0.03 0.00 0.01 0.01 0.00 5
30.093 7497 0 0.00 0.03 0.00 0.01 0.01 0.00 5
30.173 7475 0 0.00 0.03 0.00 0.01 0.01 0.00 5
30.253 7497 0 0.00 0.02 0.00 0.00 0.01 0.00 9
30.333 7497 0 0.00 0.02 0.00 0.00 0.01 0.00 5
30.413 7486 0 0.00 0.01 0.01 0.00 0.01 0.00 5
30.493 7486 0 0.00 0.01 0.01 0.00 0.01 0.00 5
30.573 7486 0 0.01 0.01 0.00 0.00 0.01 0.00 5
30.653 7497 0 0.01 0.00 0.00 0.00 0.01 0.00 5
30.733 7486 0 0.01 0.00 0.00 0.00 0.01 0.00 5
30.813 7486 0 0.00 0.00 0.00 0.00 0.01 0.00 5
30.893 7486 0 0.00 0.00 0.00 0.00 0.01 0.00 5
30.973 7486 0 0.02 0.00 0.00 0.00 0.00 0.00 0
31.053 7486 0 0.01 0.00 0.00 0.00 0.00 0.00 5
31.133 7486 0 0.01 0.00 0.00 0.00 0.01 0.00 5
31.214 7486 0 0.01 0.00 0.00 0.00 0.01 0.00 5
31.294 7486 0 0.00 0.00 0.00 0.00 0.01 0.00 9
31.374 7497 0 0.00 0.00 0.00 0.00 0.01 0.00 5
31.454 7486 0 0.00 0.04 0.00 0.00 0.01 0.00 5
31.534 7508 0 0.00 0.03 0.00 0.00 0.01 0.00 5
31.614 7508 0 0.00 0.03 0.00 0.00 0.01 0.00 5
31.694 7486 0 0.00 0.02 0.00 0.00 0.01 0.00 5
31.774 7497 0 0.00 0.01 0.00 0.00 0.01 0.00 5
31.854 7486 0 0.00 0.01 0.00 0.00 0.01 0.00 5
31.934 7497 0 0.01 0.02 0.00 0.00 0.01 0.00 9
32.014 7497 0 0.01 0.02 0.00 0.00 0.01 0.00 9
32.094 7497 0 0.02 0.02 0.00 0.00 0.01 0.00 0
32.174 7475 0 0.01 0.02 0.00 0.00 0.00 0.00 0
32.254 7486 0 0.01 0.02 0.00 0.00 0.00 0.00 5
32.334 7497 0 0.02 0.03 0.00 0.00 0.01 0.00 9
32.414 7497 0 0.02 0.03 0.00 0.00 0.01 0.00 9
32.494 7486 0 0.03 0.03 0.01 0.01 0.01 0.00 9
32.574 7486 0 0.02 0.03 0.00 0.00 0.01 0.00 5
32.654 7486 0 0.01 0.02 0.01 0.00 0.01 0.00 5
32.734 7475 0 0.01 0.02 0.01 0.00 0.01 0.00 5
32.814 7475 0 0.01 0.02 0.01 0.00 0.01 0.00 5
32.894 7486 0 0.03 0.02 0.00 0.00 0.01 0.00 5
32.974 7486 0 0.03 0.03 0.01 0.00 0.01 0.00 5
33.054 7486 0 0.02 0.03 0.00 0.00 0.01 0.00 5
33.135 7486 0 0.02 0.03 0.00 0.00 0.01 0.00 5
33.215 7486 0 0.02 0.03 0.00 0.00 0.01 0.00 5
33.295 7497 0 0.03 0.02 0.00 0.00 0.01 0.00 5
33.375 7486 0 0.03 0.01 0.00 0.00 0.01 0.00 5
33.455 7497 0 0.02 0.02 0.00 0.00 0.01 0.00 5
33.535 7497 0 0.02 0.02 0.00 0.00 0.01 0.00 5
33.615 7486 0 0.03 0.03 0.00 0.00 0.01 0.00 5
33.695 7475 0 0.02 0.03 0.00 0.00 0.01 0.00 9
33.775 7497 0 0.01 0.02 0.00 0.00 0.01 0.00 5
33.855 7486 0 0.01 0.03 0.00 0.00 0.01 0.00 9
33.935 7486 0 0.01 0.03 0.00 0.00 0.01 0.00 9
34.015 7497 0 0.02 0.03 0.00 0.00 0.01 0.00 5
34.095 7486 0 0.01 0.02 0.00 0.00 0.01 0.00 5
34.175 7475 0 0.01 0.01 0.00 0.00 0.01 0.00 5
34.255 7486 0 0.01 0.01 0.00 0.00 0.01 0.00 5
34.335 7486 0 0.01 0.01 0.00 0.00 0.01 0.00 5
34.415 7486 0 0.02 0.01 0.00 0.00 0.01 0.00 5
34.495 7464 0 0.01 0.00 0.00 0.00 0.01 0.00 5
34.575 7497 0 0.01 0.00 0.00 0.00 0.00 0.00 0
34.655 7486 0 0.01 0.00 0.00 0.00 0.00 0.00 5
34.735 7486 0 0.01 0.00 0.00 0.00 0.00 0.00 5
34.815 7486 0 0.00 0.00 0.00 0.00 0.01 0.00 9
34.895 7497 0 0.00 0.00 0.00 0.00 0.01 0.00 5
34.975 7486 0 0.00 0.00 0.00 0.00 0.01 0.00 9
35.055 7486 0 0.00 0.00 0.00 0.00 0.01 0.00 9
35.135 7486 0 0.00 0.00 0.00 0.00 0.01 0.00 9
35.215 7464 0 0.01 0.00 0.00 0.00 0.01 0.00 9
35.296 7475 0 0.02 0.00 0.01 0.00 0.01 0.00 5
35.376 7497 0 0.03 0.00 0.00 0.00 0.01 0.00 5
35.456 7497 0 0.03 0.00 0.00 0.00 0.01 0.00 5
35.536 7497 0 0.02 0.00 0.01 0.00 0.01 0.00 5
35.616 7497 0 0.01 0.00 0.01 0.00 0.01 0.00 5
35.696 7486 0 0.01 0.00 0.01 0.01 0.01 0.00 5
35.776 7497 0 0.01 0.00 0.01 0.00 0.01 0.00 9
35.856 7497 0 0.01 0.00 0.01 0.00 0.01 0.00 9
35.936 7497 0 0.02 0.00 0.01 0.00 0.01 0.00 9
36.016 7486 0 0.02 0.00 0.00 0.00 0.01 0.00 5
36.096 7486 0 0.02 0.00 0.00 0.00 0.01 0.00 5
36.176 7486 0 0.01 0.00 0.00 0.00 0.01 0.00 5
36.256 7486 0 0.01 0.00 0.00 0.00 0.01 0.00 5
36.336 7486 0 0.02 0.01 0.00 0.00 0.01 0.00 9
36.416 7508 0 0.01 0.02 0.00 0.01 0.01 0.00 5
36.496 7486 0 0.01 0.03 0.00 0.00 0.01 0.00 9
36.576 7486 0 0.01 0.02 0.01 0.00 0.01 0.00 5
36.656 7486 0 0.01 0.02 0.01 0.00 0.01 0.00 5
36.736 7486 0 0.02 0.02 0.00 0.00 0.01 0.00 9
36.816 7497 0 0.01 0.03 0.00 0.00 0.01 0.00 5
36.896 7497 0 0.01 0.02 0.00 0.00 0.01 0.00 5
36.976 7497 0 0.01 0.02 0.00 0.00 0.01 0.00 5
37.056 7497 0 0.01 0.02 0.00 0.00 0.01 0.00 5
37.136 7497 0 0.02 0.01 0.00 0.00 0.01 0.00 5
37.216 7486 0 0.02 0.02 0.01 0.00 0.01 0.00 9
37.296 7486 0 0.02 0.01 0.00 0.00 0.01 0.00 5
37.376 7486 0 0.02 0.01 0.00 0.00 0.01 0.00 5
37.456 7453 0 0.01 0.02 0.01 0.00 0.01 0.00 9
37.536 7497 0 0.02 0.03 0.00 0.00 0.01 0.00 0
37.616 7453 0 0.01 0.02 0.00 0.00 0.01 0.00 9
37.696 7497 0 0.01 0.01 0.00 0.00 0.01 0.00 0
37.776 7497 0 0.01 0.01 0.00 0.00 0.01 0.00 0
37.856 7486 0 0.02 0.01 0.00 0.00 0.01 0.00 5
37.936 7486 0 0.01 0.02 0.01 0.00 0.01 0.00 5
38.017 7486 0 0.01 0.01 0.00 0.00 0.01 0.00 5
38.097 7497 0 0.01 0.02 0.01 0.00 0.01 0.00 9
38.177 7497 0 0.01 0.02 0.01 0.00 0.01 0.00 9
38.257 7497 0 0.00 0.01 0.00 0.00 0.01 0.00 5
38.337 7486 0 0.02 0.01 0.00 0.00 0.01 0.00 5
