0.000 0 0 0.00 0.00 0.00 0.00 0.00 0.00 0 0.00
0.080 0 0 0.00 0.00 0.00 0.00 0.00 0.00 0 0.00
0.160 0 0 0.00 0.00 0.00 0.00 0.00 0.00 0 0.00
0.240 0 0 0.00 0.00 0.00 0.00 0.00 0.00 0 0.00
0.320 0 0 0.00 0.00 0.00 0.00 0.00 0.00 0 0.00
0.400 0 0 0.00 0.00 0.00 0.00 0.00 0.00 0 0.00
0.480 0 0 0.00 0.00 0.00 0.00 0.00 0.00 0 0.00
0.560 0 0 0.00 0.00 0.00 0.00 0.00 0.00 0 0.00
0.640 0 0 0.00 0.00 0.00 0.00 0.00 0.00 0 0.00
0.720 0 0 0.00 0.00 0.00 0.00 0.00 0.00 0 0.00
0.800 0 0 0.00 0.00 0.00 0.00 0.00 0.00 0 0.00
0.880 0 0 0.00 0.00 0.00 0.00 0.00 0.00 0 0.00
0.960 0 0 0.00 0.00 0.00 0.00 0.00 0.00 0 0.00
1.040 0 0 0.00 0.00 0.00 0.00 0.00 0.00 0 0.00
1.120 0 0 0.00 0.00 0.00 0.00 0.00 0.00 0 0.00
1.200 0 0 0.00 0.00 0.00 0.00 0.00 0.00 0 0.00
1.280 0 0 0.00 0.00 0.00 0.00 0.00 0.00 0 0.00
1.360 0 0 0.00 0.00 0.00 0.00 0.00 0.00 0 0.00
1.440 0 0 0.00 0.00 0.00 0.00 0.00 0.00 0 0.00
1.520 0 0 0.00 0.00 0.00 0.00 0.00 0.00 0 0.00
1.600 0 0 0.00 0.00 0.00 0.00 0.00 0.00 0 0.00
1.680 0 0 0.00 0.00 0.00 0.00 0.00 0.00 0 0.00
1.760 0 0 0.00 0.00 0.00 0.00 0.00 0.00 0 0.00
1.841 0 0 0.00 0.00 0.00 0.00 0.00 0.00 0 0.00
1.921 0 0 0.00 0.00 0.00 0.00 0.00 0.00 0 0.00
2.001 0 0 0.00 0.00 0.00 0.00 0.00 0.00 0 0.00
2.081 0 0 0.00 0.00 0.00 0.00 0.00 0.00 0 0.00
2.161 0 0 0.00 0.00 0.00 0.00 0.00 0.00 0 0.00
2.241 0 0 0.00 0.00 0.00 0.00 0.00 0.00 0 0.00
2.321 0 0 0.00 0.00 0.00 0.00 0.00 0.00 0 0.00
2.401 0 0 0.00 0.00 0.00 0.00 0.00 0.00 0 0.00
2.481 0 0 0.00 0.00 0.00 0.00 0.00 0.00 0 0.00
2.561 0 0 0.00 0.00 0.00 0.00 0.00 0.00 0 0.00
2.641 0 0 0.00 0.00 0.00 0.00 0.00 0.00 0 0.00
2.721 0 0 0.00 0.00 0.00 0.00 0.00 0.00 0 0.00
2.801 0 0 0.00 0.00 0.00 0.00 0.00 0.00 0 0.00
2.881 0 0 0.00 0.00 0.00 0.00 0.00 0.00 0 0.00
2.961 0 0 0.00 0.00 0.00 0.00 0.00 0.00 0 0.00
3.041 0 0 0.00 0.00 0.00 0.00 0.00 0.00 0 0.00
3.121 0 0 0.00 0.00 0.00 0.00 0.00 0.00 0 0.00
3.201 0 0 0.00 0.00 0.00 0.00 0.00 0.00 0 0.00
3.281 0 0 0.00 0.00 0.00 0.00 0.00 0.00 0 0.00
3.361 0 0 0.00 0.00 0.00 0.00 0.00 0.00 0 0.00
3.441 0 0 0.00 0.00 0.00 0.00 0.00 0.00 0 0.00
3.521 0 0 0.00 0.00 0.00 0.00 0.00 0.00 0 0.00
3.601 0 0 0.00 0.00 0.00 0.00 0.00 0.00 0 0.00
3.681 0 0 0.00 0.00 0.00 0.00 0.00 0.00 0 0.00
3.761 0 0 0.00 0.00 0.00 0.00 0.00 0.00 0 0.00
3.841 0 0 0.00 0.00 0.00 0.00 0.00 0.00 0 0.00
3.921 0 0 0.00 0.00 0.00 0.00 0.00 0.00 0 0.00
4.001 0 0 0.00 0.00 0.00 0.00 0.00 0.00 0 0.00
4.081 0 0 0.00 0.00 0.00 0.00 0.00 0.00 0 0.00
4.162 0 0 0.00 0.00 0.00 0.00 0.00 0.00 0 0.00
4.242 0 0 0.00 0.00 0.00 0.00 0.00 0.00 0 0.00
4.322 0 0 0.00 0.00 0.00 0.00 0.00 0.00 0 0.00
4.402 0 0 0.00 0.00 0.00 0.00 0.00 0.00 0 0.00
4.482 0 0 0.00 0.00 0.00 0.00 0.00 0.00 0 0.00
4.562 0 0 0.00 0.00 0.00 0.00 0.00 0.00 0 0.00
4.642 0 0 0.00 0.00 0.00 0.00 0.00 0.00 0 0.00
4.722 0 0 0.00 0.00 0.00 0.00 0.00 0.00 0 0.00
4.802 0 0 0.00 0.00 0.00 0.00 0.00 0.00 0 0.00
4.882 0 0 0.00 0.00 0.00 0.00 0.00 0.00 0 0.00
4.962 0 0 0.00 0.00 0.00 0.00 0.00 0.00 0 0.00
5.042 0 0 0.00 0.00 0.00 0.00 0.00 0.00 0 0.00
5.122 0 0 0.00 0.00 0.00 0.00 0.00 0.00 0 0.00
5.202 0 0 0.00 0.00 0.00 0.00 0.00 0.00 0 0.00
5.282 0 0 0.00 0.00 0.00 0.00 0.00 0.00 0 0.00
5.362 0 0 0.00 0.00 0.00 0.00 0.00 0.00 0 0.00
5.442 0 0 0.00 0.00 0.00 0.00 0.00 0.00 0 0.00
5.522 0 0 0.00 0.00 0.00 0.00 0.00 0.00 0 0.00
5.602 0 0 0.00 0.00 0.00 0.00 0.00 0.00 0 0.00
5.682 0 0 0.00 0.00 0.00 0.00 0.00 0.00 0 0.00
5.762 0 0 0.00 0.00 0.00 0.00 0.00 0.00 0 0.00
5.842 0 0 0.00 0.00 0.00 0.00 0.00 0.00 0 0.00
5.922 0 0 0.00 0.00 0.00 0.00 0.00 0.00 0 0.00
6.002 0 0 0.00 0.00 0.00 0.00 0.00 0.00 0 0.00
6.082 0 0 0.00 0.00 0.00 0.00 0.00 0.00 0 0.00
6.162 0 0 0.00 0.00 0.00 0.00 0.00 0.00 0 0.00
6.242 0 0 0.00 0.00 0.00 0.00 0.00 0.00 0 0.00
6.322 0 0 0.00 0.00 0.00 0.00 0.00 0.00 0 0.00
6.402 0 0 0.00 0.00 0.00 0.00 0.00 0.00 0 0.00
6.482 0 0 0.00 0.00 0.00 0.00 0.00 0.00 0 0.00
6.562 0 0 0.00 0.00 0.00 0.00 0.00 0.00 0 0.00
6.642 0 0 0.00 0.00 0.00 0.00 0.00 0.00 0 0.00
6.723 0 0 0.00 0.00 0.00 0.00 0.00 0.00 0 0.00
6.803 0 0 0.00 0.00 0.00 0.00 0.00 0.00 0 0.00
6.883 0 0 0.00 0.00 0.00 0.00 0.00 0.00 0 0.00
6.963 0 0 0.00 0.00 0.00 0.00 0.00 0.00 0 0.00
7.043 0 0 0.00 0.00 0.00 0.00 0.00 0.00 0 0.00
7.123 0 0 0.00 0.00 0.00 0.00 0.00 0.00 0 0.00
7.203 0 0 0.00 0.00 0.00 0.00 0.00 0.00 0 0.00
7.283 0 0 0.00 0.00 0.00 0.00 0.00 0.00 0 0.00
7.363 0 0 0.00 0.00 0.00 0.00 0.00 0.00 0 0.00
7.443 0 0 0.00 0.00 0.00 0.00 0.00 0.00 0 0.00
7.523 0 0 0.00 0.00 0.00 0.00 0.00 0.00 0 0.00
7.603 0 0 0.00 0.00 0.00 0.00 0.00 0.00 0 0.00
7.683 0 0 0.00 0.00 0.00 0.00 0.00 0.00 0 0.00
7.763 0 0 0.00 0.00 0.00 0.00 0.00 0.00 0 0.00
7.843 0 0 0.00 0.00 0.00 0.00 0.00 0.00 0 0.00
7.923 0 0 0.00 0.00 0.00 0.00 0.00 0.00 0 0.00
8.003 0 0 0.00 0.00 0.00 0.00 0.00 0.00 0 0.00
8.083 0 0 0.00 0.00 0.00 0.00 0.00 0.00 0 0.00
8.163 0 0 0.00 0.00 0.00 0.00 0.00 0.00 0 0.00
8.243 0 0 0.00 0.00 0.00 0.00 0.00 0.00 0 0.00
8.323 0 0 0.00 0.00 0.00 0.00 0.00 0.00 0 0.00
8.403 0 0 0.00 0.00 0.00 0.00 0.00 0.00 0 0.00
