0.000 0 0 0.00 0.00 0.00 0.00 0.00 0.00 0
0.080 0 0 0.01 0.00 0.00 0.00 0.00 0.00 0
0.160 0 0 0.02 0.00 0.00 0.01 0.00 0.00 0
0.240 0 0 0.03 0.00 0.00 0.01 0.00 0.00 0
0.320 0 0 0.02 0.00 0.00 0.01 0.00 0.00 0
0.400 0 0 0.02 0.00 0.00 0.01 0.00 0.00 0
0.480 0 0 0.02 0.01 0.01 0.01 0.00 0.00 0
0.560 0 0 0.03 0.02 0.01 0.00 0.00 0.00 0
0.640 0 0 0.03 0.03 0.01 0.00 0.00 0.00 0
0.720 0 0 0.03 0.02 0.01 0.00 0.00 0.00 0
0.800 0 0 0.03 0.02 0.01 0.00 0.00 0.00 0
0.880 0 0 0.02 0.01 0.01 0.00 0.00 0.00 0
0.960 0 0 0.02 0.01 0.01 0.00 0.00 0.00 0
1.040 0 0 0.01 0.01 0.01 0.00 0.01 0.00 0
1.120 0 0 0.02 0.00 0.01 0.01 0.00 0.00 0
1.200 0 0 0.02 0.00 0.01 0.01 0.00 0.00 0
1.280 0 0 0.03 0.00 0.01 0.00 0.00 0.00 0
1.360 0 0 0.03 0.00 0.01 0.01 0.00 0.00 0
1.440 0 0 0.03 0.00 0.01 0.00 0.00 0.00 0
1.520 0 0 0.02 0.00 0.01 0.00 0.00 0.00 0
1.601 0 0 0.02 0.00 0.01 0.00 0.00 0.00 0
1.681 0 0 0.02 0.00 0.01 0.00 0.00 0.00 0
1.761 0 0 0.02 0.00 0.01 0.00 0.00 0.00 0
1.841 0 0 0.03 0.00 0.01 0.00 0.00 0.00 0
1.921 0 0 0.03 0.00 0.01 0.00 0.00 0.00 0
2.001 0 0 0.03 0.00 0.01 0.00 0.00 0.00 0
2.081 0 0 0.03 0.00 0.01 0.00 0.00 0.00 0
2.161 0 0 0.02 0.01 0.01 0.01 0.00 0.00 0
2.241 0 0 0.02 0.01 0.01 0.01 0.00 0.00 0
2.321 0 0 0.02 0.01 0.01 0.01 0.00 0.00 0
2.401 0 0 0.01 0.01 0.01 0.00 0.00 0.00 0
2.481 0 0 0.02 0.00 0.01 0.00 0.00 0.00 0
2.561 0 0 0.03 0.02 0.01 0.00 0.00 0.00 0
2.641 0 0 0.09 0.01 0.01 0.00 0.00 0.00 0
2.721 0 0 0.09 0.01 0.01 0.00 0.00 0.00 0
2.801 0 0 0.08 0.01 0.01 0.00 0.00 0.00 0
2.881 0 0 0.05 0.00 0.01 0.00 0.00 0.00 0
2.961 0 0 0.03 0.00 0.01 0.00 0.00 0.00 0
3.041 0 0 0.02 0.00 0.01 0.00 0.00 0.00 0
3.121 0 0 0.02 0.00 0.01 0.00 0.00 0.00 0
3.201 0 0 0.03 0.01 0.01 0.00 0.00 0.00 0
3.281 0 0 0.03 0.01 0.01 0.00 0.00 0.00 0
3.361 0 0 0.03 0.01 0.01 0.00 0.00 0.00 0
3.441 0 0 0.04 0.00 0.01 0.01 0.00 0.00 0
3.521 0 0 0.04 0.00 0.01 0.01 0.00 0.00 0
3.601 0 0 0.02 0.00 0.01 0.01 0.00 0.00 0
3.681 0 0 0.02 0.00 0.01 0.01 0.00 0.00 0
3.761 0 0 0.01 0.00 0.01 0.01 0.00 0.00 0
3.841 0 0 0.02 0.00 0.01 0.01 0.00 0.00 0
3.921 0 0 0.02 0.00 0.01 0.01 0.00 0.00 0
4.001 0 0 0.03 0.00 0.01 0.00 0.00 0.00 0
4.081 0 0 0.03 0.00 0.01 0.00 0.00 0.00 0
4.161 0 0 0.02 0.00 0.01 0.00 0.00 0.00 0
4.241 0 0 0.03 0.00 0.01 0.00 0.00 0.00 0
4.322 0 0 0.03 0.00 0.01 0.00 0.00 0.00 0
4.402 0 0 0.02 0.00 0.01 0.00 0.00 0.00 0
4.482 0 0 0.02 0.00 0.01 0.00 0.00 0.00 0
4.562 0 0 0.03 0.00 0.01 0.00 0.00 0.00 0
4.642 0 0 0.03 0.00 0.01 0.00 0.00 0.00 0
4.722 0 0 0.03 0.00 0.01 0.00 0.00 0.00 0
4.802 0 0 0.03 0.00 0.01 0.00 0.00 0.00 0
4.882 0 0 0.04 0.00 0.01 0.00 0.00 0.00 0
4.962 0 0 0.02 0.01 0.01 0.00 0.00 0.00 0
5.042 0 0 0.02 0.01 0.01 0.00 0.00 0.00 0
5.122 0 0 0.02 0.02 0.01 0.00 0.00 0.00 0
5.202 0 0 0.02 0.01 0.01 0.01 0.00 0.00 0
5.282 0 0 0.02 0.01 0.01 0.00 0.00 0.00 0
5.362 0 0 0.02 0.01 0.01 0.00 0.00 0.00 0
5.442 0 0 0.02 0.01 0.01 0.00 0.00 0.00 0
5.522 0 0 0.02 0.00 0.01 0.00 0.00 0.00 0
5.602 0 0 0.01 0.00 0.01 0.00 0.00 0.00 0
5.682 0 0 0.02 0.00 0.01 0.00 0.00 0.00 0
5.762 0 0 0.03 0.00 0.01 0.00 0.00 0.00 0
5.842 0 0 0.03 0.00 0.01 0.00 0.00 0.00 0
5.922 0 0 0.03 0.00 0.01 0.00 0.00 0.00 0
6.002 0 0 0.03 0.00 0.01 0.00 0.00 0.00 0
6.082 0 0 0.03 0.00 0.01 0.00 0.00 0.00 0
6.162 0 0 0.02 0.00 0.01 0.00 0.00 0.00 0
6.242 0 0 0.02 0.00 0.01 0.00 0.00 0.00 0
6.322 0 0 0.02 0.00 0.01 0.00 0.00 0.00 0
6.402 0 0 0.02 0.00 0.01 0.00 0.00 0.00 0
6.483 0 0 0.03 0.00 0.01 0.00 0.00 0.00 0
6.563 0 0 0.03 0.00 0.01 0.00 0.00 0.00 0
6.643 0 0 0.03 0.00 0.01 0.00 0.00 0.00 0
6.723 0 0 0.02 0.00 0.01 0.00 0.00 0.00 0
6.803 0 0 0.01 0.00 0.01 0.01 0.00 0.00 0
6.883 0 0 0.01 0.00 0.01 0.01 0.01 0.00 0
6.963 0 0 0.01 0.00 0.01 0.01 0.01 0.00 0
7.043 0 0 0.01 0.00 0.01 0.01 0.01 0.00 0
7.123 0 0 0.00 0.01 0.01 0.01 0.00 0.00 0
7.203 0 0 0.00 0.01 0.01 0.00 0.00 0.00 0
7.283 0 0 0.01 0.01 0.01 0.00 0.00 0.00 0
7.363 0 0 0.01 0.01 0.01 0.00 0.00 0.00 0
7.443 0 0 0.01 0.00 0.01 0.01 0.01 0.00 0
7.523 0 0 0.02 0.00 0.01 0.01 0.00 0.00 0
7.603 0 0 0.01 0.01 0.01 0.00 0.00 0.00 0
7.683 0 0 0.01 0.01 0.01 0.00 0.00 0.00 0
7.763 0 0 0.01 0.01 0.01 0.00 0.00 0.00 0
7.843 0 0 0.01 0.01 0.01 0.00 0.00 0.00 0
7.923 0 0 0.02 0.00 0.01 0.00 0.00 0.00 0
8.003 0 0 0.02 0.02 0.01 0.00 0.00 0.00 0
8.083 0 0 0.03 0.01 0.01 0.00 0.00 0.00 0
8.163 0 0 0.03 0.01 0.01 0.00 0.00 0.00 0
8.243 0 0 0.03 0.01 0.01 0.00 0.00 0.00 0
8.323 0 0 0.02 0.00 0.01 0.00 0.00 0.00 0
8.403 0 0 0.03 0.00 0.01 0.00 0.03 0.00 0
8.483 2243 0 0.02 0.00 0.01 0.00 0.02 0.00 3
8.563 2243 0 0.02 0.00 0.01 0.00 0.02 0.00 3
8.643 2941 0 0.01 0.01 0.01 0.01 0.03 0.00 14
8.723 3651 0 0.02 0.01 0.01 0.01 0.03 0.00 16
8.803 4632 0 0.03 0.01 0.01 0.01 0.03 0.00 11
8.884 5178 0 0.03 0.00 0.01 0.01 0.03 0.01 10
8.964 5178 0 0.03 0.00 0.01 0.01 0.03 0.01 10
9.044 5616 0 0.03 0.05 0.01 0.00 0.02 0.01 3
9.124 5921 0 0.02 0.05 0.01 0.01 0.02 0.00 4
9.204 6121 0 0.03 0.06 0.01 0.00 0.01 0.00 8
9.284 6121 0 0.03 0.06 0.01 0.00 0.01 0.00 8
9.364 6401 0 0.03 0.05 0.01 0.01 0.02 0.00 20
9.444 6424 0 0.03 0.04 0.01 0.00 0.02 0.00 8
9.524 6579 0 0.04 0.02 0.01 0.00 0.01 0.00 0
9.604 6676 0 0.04 0.02 0.01 0.01 0.01 0.00 12
9.684 6676 0 0.04 0.02 0.01 0.01 0.01 0.00 12
9.764 7056 0 0.04 0.01 0.00 0.01 0.02 0.00 22
9.844 7918 0 0.03 0.01 0.01 0.01 0.01 0.00 0
9.924 7964 0 0.02 0.02 0.00 0.00 0.01 0.00 0
10.004 7952 0 0.01 0.02 0.01 0.00 0.01 0.00 5
10.084 7952 0 0.01 0.02 0.01 0.00 0.01 0.00 5
10.164 7964 0 0.01 0.02 0.01 0.00 0.01 0.00 0
10.244 7952 0 0.01 0.02 0.01 0.00 0.00 0.00 0
10.324 7952 0 0.02 0.03 0.01 0.00 0.00 0.00 0
10.404 7952 0 0.01 0.02 0.01 0.00 0.00 0.00 0
10.485 7952 0 0.01 0.02 0.01 0.00 0.00 0.00 0
10.565 7964 0 0.02 0.03 0.01 0.00 0.00 0.00 0
10.645 7975 0 0.01 0.02 0.01 0.00 0.00 0.00 0
10.725 7975 0 0.02 0.01 0.01 0.00 0.00 0.00 0
10.805 7964 0 0.03 0.01 0.01 0.00 0.00 0.00 5
10.886 7964 0 0.03 0.01 0.01 0.00 0.00 0.00 5
10.966 7964 0 0.02 0.01 0.01 0.00 0.00 0.00 0
11.046 7964 0 0.01 0.00 0.01 0.00 0.00 0.00 5
11.126 7975 0 0.01 0.00 0.01 0.00 0.00 0.00 0
11.206 0 0 0.01 0.00 0.01 0.00 0.97 0.94 0
11.286 0 0 0.01 0.00 0.01 0.00 0.97 0.94 0
11.366 7964 0 0.00 0.00 0.01 0.00 0.66 0.64 0
11.446 7975 0 0.00 0.00 0.01 0.00 0.45 0.44 5
11.526 7964 0 0.01 0.01 0.00 0.01 0.31 0.30 0
11.606 7964 0 0.01 0.01 0.00 0.01 0.31 0.30 0
11.686 7941 0 0.01 0.01 0.01 0.01 0.21 0.20 5
11.766 7941 0 0.02 0.01 0.01 0.00 0.14 0.14 0
11.846 7952 0 0.01 0.02 0.01 0.00 0.10 0.09 5
11.926 7929 0 0.02 0.01 0.01 0.00 0.07 0.06 0
12.006 7929 0 0.02 0.01 0.01 0.00 0.07 0.06 0
12.086 7929 0 0.03 0.01 0.01 0.00 0.05 0.04 0
12.166 7964 0 0.03 0.02 0.01 0.00 0.03 0.03 5
12.246 7964 0 0.03 0.02 0.00 0.00 0.02 0.02 0
12.326 7952 0 0.04 0.02 0.01 0.01 0.02 0.01 0
12.406 7952 0 0.04 0.02 0.01 0.01 0.02 0.01 0
12.487 7952 0 0.04 0.01 0.01 0.00 0.01 0.01 0
12.567 7975 0 0.04 0.01 0.01 0.00 0.01 0.01 0
12.647 7964 0 0.03 0.01 0.01 0.00 0.00 0.01 0
12.727 7952 0 0.02 0.00 0.01 0.00 0.01 0.00 5
12.807 7952 0 0.02 0.00 0.01 0.00 0.01 0.00 5
12.887 7952 0 0.01 0.01 0.01 0.00 0.00 0.00 0
12.967 7964 0 0.01 0.01 0.01 0.01 0.00 0.00 5
13.047 7918 0 0.01 0.01 0.01 0.00 0.00 0.00 5
13.127 7964 0 0.00 0.00 0.01 0.01 0.00 0.00 0
13.207 7964 0 0.00 0.00 0.01 0.01 0.00 0.00 0
13.287 7964 0 0.00 0.02 0.01 0.01 0.00 0.00 0
13.367 7952 0 0.00 0.01 0.01 0.01 0.00 0.00 0
13.447 7952 0 0.01 0.01 0.01 0.01 0.00 0.00 0
13.527 7952 0 0.01 0.01 0.01 0.01 0.00 0.00 0
13.607 7964 0 0.01 0.00 0.01 0.01 0.00 0.00 0
13.687 7952 0 0.02 0.00 0.01 0.01 0.00 0.00 0
13.767 7941 0 0.03 0.00 0.01 0.00 0.00 0.00 5
13.847 7975 0 0.03 0.01 0.01 0.00 0.00 0.00 5
13.927 7975 0 0.03 0.01 0.01 0.00 0.00 0.00 5
14.007 7952 0 0.03 0.01 0.01 0.00 0.00 0.00 5
14.087 7975 0 0.03 0.01 0.01 0.00 0.00 0.00 5
14.167 7952 0 0.04 0.02 0.01 0.00 0.00 0.00 0
14.247 7964 0 0.02 0.02 0.01 0.00 0.00 0.00 0
14.327 7964 0 0.02 0.02 0.01 0.00 0.00 0.00 0
14.407 7964 0 0.02 0.02 0.01 0.00 0.00 0.00 5
14.487 7952 0 0.01 0.01 0.01 0.00 0.00 0.00 0
14.567 7952 0 0.01 0.02 0.01 0.00 0.00 0.00 5
14.647 7964 0 0.01 0.01 0.01 0.00 0.00 0.00 0
14.727 7964 0 0.01 0.01 0.01 0.00 0.00 0.00 0
14.807 7964 0 0.00 0.01 0.01 0.00 0.00 0.00 0
14.887 7929 0 0.01 0.01 0.01 0.00 0.00 0.00 0
14.967 7952 0 0.02 0.00 0.01 0.00 0.00 0.00 5
15.047 7964 0 0.03 0.00 0.01 0.00 0.00 0.00 0
15.127 7964 0 0.03 0.00 0.01 0.00 0.00 0.00 0
15.207 7964 0 0.03 0.01 0.01 0.00 0.00 0.00 5
15.287 7952 0 0.03 0.01 0.01 0.00 0.00 0.00 0
15.367 7952 0 0.02 0.01 0.00 0.00 0.00 0.00 0
15.447 7952 0 0.02 0.01 0.00 0.00 0.00 0.00 0
15.527 7964 0 0.03 0.00 0.01 0.00 0.00 0.00 0
15.608 7952 0 0.02 0.00 0.01 0.00 0.00 0.00 0
15.688 7964 0 0.03 0.00 0.01 0.00 0.00 0.00 5
15.768 7964 0 0.02 0.01 0.01 0.00 0.00 0.00 0
15.848 7964 0 0.02 0.01 0.01 0.00 0.00 0.00 0
15.928 7941 0 0.01 0.01 0.01 0.00 0.00 0.00 0
16.008 7964 0 0.02 0.01 0.00 0.00 0.00 0.00 0
16.088 7929 0 0.01 0.03 0.01 0.00 0.00 0.00 5
16.168 7952 0 0.01 0.02 0.01 0.00 0.00 0.00 0
16.248 7952 0 0.01 0.02 0.01 0.00 0.00 0.00 0
16.328 7964 0 0.01 0.01 0.01 0.01 0.00 0.00 0
16.408 7941 0 0.00 0.01 0.01 0.00 0.00 0.00 0
16.488 7952 0 0.00 0.02 0.01 0.00 0.00 0.00 5
16.568 7975 0 0.00 0.01 0.01 0.00 0.00 0.00 0
16.648 7975 0 0.00 0.01 0.01 0.00 0.00 0.00 0
16.728 7952 0 0.00 0.01 0.01 0.00 0.00 0.00 0
16.808 7964 0 0.01 0.02 0.01 0.00 0.00 0.00 0
16.888 7964 0 0.02 0.03 0.01 0.00 0.00 0.00 0
16.968 7952 0 0.03 0.02 0.01 0.01 0.00 0.00 5
17.048 7952 0 0.03 0.02 0.01 0.01 0.00 0.00 5
17.128 7964 0 0.03 0.01 0.01 0.00 0.00 0.00 0
17.208 7975 0 0.03 0.02 0.01 0.01 0.00 0.00 5
17.288 7952 0 0.02 0.01 0.01 0.00 0.00 0.00 0
17.368 7952 0 0.02 0.01 0.01 0.00 0.00 0.00 0
17.448 7941 0 0.03 0.01 0.01 0.00 0.00 0.00 0
17.528 7964 0 0.03 0.01 0.01 0.00 0.00 0.00 0
17.608 7952 0 0.03 0.00 0.01 0.00 0.00 0.00 0
17.688 7964 0 0.04 0.00 0.01 0.00 0.00 0.00 5
17.768 7964 0 0.04 0.00 0.01 0.00 0.00 0.00 5
17.848 7964 0 0.04 0.00 0.01 0.00 0.00 0.00 0
17.928 7952 0 0.04 0.00 0.00 0.00 0.00 0.00 5
18.008 7952 0 0.04 0.00 0.00 0.00 0.00 0.00 0
18.088 7952 0 0.04 0.01 0.01 0.00 0.00 0.00 5
18.168 7952 0 0.04 0.01 0.01 0.00 0.00 0.00 5
18.248 7964 0 0.03 0.02 0.03 0.00 0.00 0.00 0
18.328 7964 0 0.03 0.01 0.02 0.00 0.00 0.00 5
18.408 7964 0 0.03 0.01 0.02 0.00 0.00 0.00 5
18.488 7929 0 0.03 0.01 0.02 0.01 0.00 0.00 5
18.568 7929 0 0.03 0.01 0.02 0.01 0.00 0.00 5
18.648 7975 0 0.04 0.00 0.01 0.00 0.00 0.00 0
18.728 7941 0 0.02 0.00 0.01 0.00 0.00 0.00 0
18.808 7964 0 0.03 0.00 0.01 0.00 0.00 0.00 0
18.888 7929 0 0.03 0.00 0.01 0.00 0.00 0.00 5
18.969 7929 0 0.03 0.00 0.01 0.00 0.00 0.00 5
19.049 7952 0 0.03 0.00 0.01 0.00 0.00 0.00 0
19.129 7929 0 0.02 0.00 0.01 0.00 0.00 0.00 5
19.209 7964 0 0.02 0.00 0.01 0.01 0.00 0.00 5
19.289 7964 0 0.02 0.00 0.01 0.01 0.00 0.00 5
19.369 7964 0 0.01 0.01 0.01 0.01 0.00 0.00 0
19.449 7964 0 0.01 0.05 0.01 0.01 0.00 0.00 5
19.529 7941 0 0.01 0.04 0.01 0.00 0.00 0.00 0
19.609 7975 0 0.02 0.03 0.01 0.00 0.00 0.00 5
19.689 7975 0 0.02 0.03 0.01 0.00 0.00 0.00 5
19.769 7952 0 0.01 0.03 0.01 0.00 0.00 0.00 0
19.849 7964 0 0.01 0.02 0.01 0.00 0.00 0.00 5
19.929 7964 0 0.01 0.03 0.01 0.00 0.00 0.00 0
20.009 7964 0 0.00 0.02 0.01 0.00 0.00 0.00 5
20.089 7964 0 0.00 0.02 0.01 0.00 0.00 0.00 5
20.169 7964 0 0.01 0.01 0.01 0.00 0.00 0.00 0
20.249 7964 0 0.02 0.01 0.01 0.00 0.00 0.00 5
20.329 7964 0 0.02 0.01 0.01 0.00 0.00 0.00 5
20.409 7975 0 0.01 0.00 0.01 0.00 0.00 0.00 0
20.489 7975 0 0.01 0.00 0.01 0.00 0.00 0.00 0
20.569 7952 0 0.01 0.00 0.01 0.00 0.00 0.00 5
20.649 7964 0 0.02 0.00 0.01 0.01 0.00 0.00 0
20.729 7964 0 0.02 0.00 0.01 0.00 0.00 0.00 0
20.809 7964 0 0.03 0.00 0.01 0.00 0.00 0.00 0
20.889 7964 0 0.03 0.00 0.01 0.00 0.00 0.00 0
20.969 7964 0 0.03 0.00 0.01 0.00 0.00 0.00 0
21.049 7964 0 0.02 0.00 0.01 0.00 0.00 0.00 5
21.129 7964 0 0.01 0.00 0.01 0.00 0.00 0.00 0
21.209 7964 0 0.01 0.00 0.01 0.00 0.00 0.00 0
21.289 7964 0 0.01 0.00 0.01 0.00 0.00 0.00 0
21.369 7964 0 0.01 0.01 0.01 0.00 0.00 0.00 0
21.449 7964 0 0.01 0.01 0.00 0.00 0.00 0.00 5
21.529 7975 0 0.02 0.02 0.01 0.00 0.00 0.00 0
21.609 7975 0 0.02 0.02 0.01 0.00 0.00 0.00 0
21.690 7964 0 0.01 0.02 0.01 0.00 0.00 0.00 5
21.770 7975 0 0.02 0.02 0.01 0.01 0.00 0.00 0
21.850 7952 0 0.03 0.01 0.01 0.00 0.00 0.00 5
21.930 7952 0 0.02 0.01 0.01 0.00 0.00 0.00 5
22.010 7952 0 0.02 0.01 0.01 0.00 0.00 0.00 5
22.090 7952 0 0.01 0.01 0.01 0.0